#                   1                    2                    3                    4                    5                    6                    7                    8                    9 
#                   T                 Himp                 Hpot              SigmaHd                displ              displ^2                  n_d               n_d_ud                  nph 
      1.0820212806667     0.43370422653221     0.46342792286055    0.050354037782119      0.0040727195077      2.5159131928409     0.99078987761157     0.24478653900892     0.96604423514556 
     0.54101064033336     0.22565611577046     0.25509500256908    0.051522924619954    0.012290566444611      2.0970698079749     0.98129622662064     0.24455625581705     0.59433179772033 
     0.27050532016668    0.043497798363138    0.072344719620671    0.054022015077041     0.02971906490577      1.6266497913029     0.96156404191774      0.2438386557876      0.2570815025085 
     0.13525266008334   -0.035087959768733  -0.0074717561186777    0.058683492846949    0.063282433817613      1.3857366325461     0.92054012166852      0.2375748280625     0.11062688657516 
     0.06762633004167   -0.050512128404099   -0.025496539539078    0.068222784533021     0.13265068212326      1.3682118479491     0.83385296216739     0.21992292007005    0.092709908671609 
    0.033813165020835   -0.057009046192941   -0.037281068613702    0.087558903407243     0.27339470387589      1.4172839371808     0.65759925264131     0.17563006294508      0.1043276533033 
    0.016906582510418   -0.065886704399253    -0.05446069667366     0.11791612917119     0.49436391480932      1.4853575110882     0.38086692418644    0.092705430139219     0.12138793985212 
   0.0084532912552088   -0.072143068030567    -0.06696382590907     0.14075805639289     0.66062993095199      1.5299180137304     0.17264140404991    0.023292767237808     0.13273599728542 
   0.0042266456276044    -0.07363285224195   -0.069915293476591     0.14610265262871     0.69953360676554      1.5413351919819     0.12391862551196   0.0074768002629475     0.13568243845221 
   0.0021133228138022   -0.073811923106461   -0.070241394508994     0.14664020075168      0.7034465987795      1.5431732216498     0.11901761991554    0.006371239865871     0.13616028758455 
   0.0010566614069011   -0.073846894457798    -0.07030287502133      0.1467371125892      0.7041520676421      1.5435671816065     0.11813398121561   0.0062163782508788     0.13626285432441 
  0.00052833070345055   -0.073855225059309   -0.070317475614567     0.14676003432433     0.70431892624879      1.5436617111813     0.11792498149141   0.0061807677920229     0.13628746234295 
  0.00026416535172527   -0.073857329859247   -0.070321157675435     0.14676580034285     0.70436090018248      1.5436857413681     0.11787240612707    0.006171942443031      0.1362937228287 
  0.00013208267586264   -0.073857822256866   -0.070322021204386     0.14676715714133       0.704370776936      1.5436913119618     0.11786003508266    0.006169827342268     0.13629517191167 
  6.6041337931319e-05      -0.073857965805   -0.070322271700336     0.14676754810084     0.70437362296532      1.5436929648999     0.11785647015545   0.0061692405437387     0.13629560308809 
  3.3020668965659e-05   -0.073857990232271   -0.070322314847472     0.14676761654402     0.70437412118009      1.5436932340729     0.11785584615995   0.0061691282524179     0.13629567281022 
   1.651033448283e-05   -0.073858002377774   -0.070322335913993     0.14676764915318     0.70437435856772      1.5436933768924     0.11785554879269   0.0061690816574495     0.13629571018576 
  8.2551672414148e-06   -0.073858002312711   -0.070322335896813     0.14676764933019      0.7043743598518      1.5436933739047     0.11785554719658   0.0061690796215477     0.13629570931535 
  4.1275836207074e-06    -0.07385800386676   -0.070322338568832     0.14676765341624     0.70437438959845      1.5436933927247     0.11785550993092   0.0061690742209626     0.13629571426224 
  2.0637918103537e-06   -0.073858003464541   -0.070322337888925     0.14676765240156     0.70437438221102      1.5436933875827     0.11785551918721   0.0061690753400958     0.13629571290018 
  1.0318959051769e-06   -0.073858003760359   -0.070322338394684     0.14676765316882     0.70437438779679      1.5436933912318     0.11785551218915   0.0061690743805752     0.13629571386192 
  5.1594795258843e-07     -0.0738580036356   -0.070322338182341     0.14676765284875     0.70437438546661      1.5436933896706     0.11785551510862   0.0061690747623759     0.13629571344961 
  2.5797397629421e-07   -0.073858003703692   -0.070322338298523      0.1467676530245     0.70437438674607       1.543693390516     0.11785551350563    0.006169074547126     0.13629571367263 
  1.2898698814711e-07   -0.073858003670909   -0.070322338242653     0.14676765294012     0.70437438613182      1.5436933901075     0.11785551427521   0.0061690746492031      0.1362957135648 
  6.4493494073553e-08   -0.073858003687496   -0.070322338270938     0.14676765298288     0.70437438644307      1.5436933903138     0.11785551388526   0.0061690745971478     0.13629571361924 
