# Input file for NRG Ljubljana
# symtype  QS
# Using sneg version  2.0.13
#!9
# Number of channels, chain sites, subspaces: 
1 24 6
# SCALE  1
# Energies (GS energy subtracted, multiplied by 1/SCALE):
-2 1
4
0.117404297296688 0.620197025900873 1.16213795276542 1.88970195010895
-1 2
8
0.0632108556822695 0.217616425676905 0.577153216206329 0.707967828888026 1.10846488443029 1.22210294452161 1.65087220228013 1.9114940944583
0 1
12
0 0.130976583697586 0.29549654030669 0.525766423814816 0.637583365976106 0.774747218958233 1.06076427181728 1.18210549241351 1.29288391217046 1.61583566556961 1.9127841026286 1.97938010086291
0 3
4
0.167360306517982 0.667360306517982 1.16736030651798 1.66736030651798
1 2
8
0.0871458667903178 0.233719112498056 0.601287989438707 0.723813678893702 1.12602846640518 1.24437359632286 1.65374430990034 1.94876943189469
2 1
4
0.157404297296688 0.660197025900873 1.20213795276542 1.92970195010895
# Irreducible matrix elements for Wilson chains:
f 0 0
6
2 1 1 2
-1.03207145080520291 -0.96242895549951446 -0.079219203939050728 0.046043702598878751 -0.011680917094386508 0.00486042427748458426 -0.00179650268448062513 0.000162040082963461202
-0.0441353129666319025 0.083899025068848776 -1.02349655092929304 -0.964387050716744798 0.105422096218574818 -0.0445595315572044348 0.0179736764061552839 -0.00174101127596551497
0.00570127567550023258 -0.0109655387913897111 0.0547037138638078874 -0.0968134718981755321 -0.839928625670581797 -1.12582582402124665 0.119950963549294784 -0.0113926227366286659
-0.000440886125847392979 0.000912663070374131191 -0.00543810719906388795 0.0101289414953092127 0.0486415895995752634 -0.0594777840908591315 -0.337117944392748614 -1.37124566899191791
1 2 0 3
-0.835420595732145221 0.0409145002184226544 -0.0058014819069289519 0.000834535239827077541
0.891748116512098732 0.067942273540025036 -0.00973577505460017714 0.00146501117114942623
0.072907303648153815 -0.836148583143173751 0.0532242281861253566 -0.00866299592723090116
0.0378486841644751701 0.886063616816907262 0.0839406251113146706 -0.0135767471920328342
-0.00819394950408192796 -0.0755292408247154046 0.976243457810742732 -0.0430654393045423398
-0.00646425462212564528 -0.0603951648822338982 -0.729567230769200825 -0.0962775516468566128
0.000546324648232126989 0.00581261502104057741 0.0367423162777910303 -1.1842059155043323
0.000707982012254086647 0.00840454311654457303 0.0576461581175083948 0.293717776788176788
1 2 0 1
-0.644436269789135263 0.588261185492274019 -0.0425562221444241925 0.0580497974037028283 0.013249060338102088 -0.00488222917436266848 0.00735103503164538045 -0.00188104178653544134 -0.000324842272536974967 -0.000865806072761736304 0.000280926949906883431 5.50359214269049613e-05
0.0473802421561584086 0.421489586295473506 -0.741280535490479786 -0.0176028032015624197 -0.0518439726235678938 -0.0301386339750067504 -0.00059262493622671609 0.00624821580574333197 -0.00404695312653298011 -0.000455892711547481314 -0.000419474266734566322 -0.000258321267057114807
-0.0324655122949452507 -0.0282220009076137313 0.0106252999014175044 0.631049463858868842 -0.597230468608074938 0.0418593724910931789 -0.0712034448787224189 0.0203783755518460348 0.00203116821439241644 0.00923022434173709563 -0.00351171902827357354 -0.000786366845516933417
0.00550888521820339441 0.0275241556892811962 0.0566479424005404894 -0.046679840148271437 -0.410201430667704758 0.745712680183342358 0.0109769001017044395 -0.0579588612892287039 0.036813561407017005 0.00338663410420924184 0.00506951139156145304 0.00296548160219569767
0.00456690341265631339 0.00504448171131785614 0.00114391726611697063 -0.0437814166698349411 -0.0416745964075579539 -0.00203438303438847456 0.646647794487646865 0.502865324513279255 -0.0248175622458083646 0.0580914334803534771 -0.0310004484927184597 -0.00950247382859039334
-9.91201409702799233e-05 -0.00315338372041360036 -0.00795155290938555012 0.000343988474964023285 0.0277972661650789828 0.0651293176847783234 0.0244017341464611466 0.474037021514196799 0.765188923556056388 0.0313127172206344312 0.0315752808033790064 0.0192798120570296695
-0.000581619151956856944 -0.000924707215961597002 -0.000843896250524041303 0.00644834461831607191 0.00866449534200279883 0.00593739062661692834 -0.0388728881431244025 0.0565410108672792719 -0.0332676215570214748 -0.686314126329514718 -0.221229738103002282 -0.0784381531577188623
-0.000137936195677366904 3.56015534583825448e-05 0.00052227952179506544 0.00174304400178728648 -0.000581187550436685534 -0.0057590182678495111 -0.0154335703470965483 -0.00558875662630788604 0.0376999089706013882 -0.117506866551486733 -0.465373004153134873 0.859071847423320323
0 3 -1 2
-0.582012956460353115 0.809882951755308444 0.0683029054564052163 0.0246456253989292412 0.00762016003466937843 0.00438501781176724083 0.000443319432671840916 -0.000580922553852645488
-0.0366336325302734148 -0.0481542857271540781 0.565121395426316342 -0.818350446682052146 -0.0735126615329931427 -0.0424664101569249414 -0.00484543403894942964 0.00696498041186026373
-0.00537505352100050952 -0.00723298933053191564 0.0486908609948845522 0.0578901386837351317 -0.686062426336117137 0.721183604013039048 0.0320392662476726015 -0.0488135888315980801
-0.000786177585483526127 -0.00111257125176097396 0.00819417058721181452 0.00977094831822026243 -0.0433660321966794146 -0.0666328280229819547 0.958331622061611821 0.274072041414844536
0 1 -1 2
1.07617076174571924 -0.0544717020344524724 0.0390318163594153833 -0.00643310750315305262 0.00518614995507297397 -0.000178207875308560981 0.000587857591281671201 -0.000189140696110587652
0.701495781235723981 0.673390593502812385 -0.0485421170380471098 0.0377344461731620659 -0.00769907262755497104 0.00419152995812651849 -0.00130408852277993145 6.56303899887766308e-05
0.0621364913198099306 0.937058713298467683 -0.0245298381364982519 -0.0889643508184660287 0.000669145633932409934 -0.0122579191930261948 0.00135322813843611884 0.00075976960392940484
0.0694469710395816953 -0.0125045073910090877 1.08510152183032793 -0.0541031839121127178 0.050140860582446066 -0.000217704631293784705 0.00640827032535611248 -0.0024138980523294132
-0.0283856022065090731 0.0670144071875570096 0.692123309725676705 0.669617732233686147 -0.0711430458577694824 0.0354356732426470075 -0.0129448927587474116 0.000920902764643675336
-0.00746425136489482343 -0.0495733528297733969 0.0608310981713844276 0.925344245528652021 -0.00203196084228962712 -0.105642032553118007 0.0107806660281943335 0.00845261636059527546
-0.00942390350308720641 0.000209871047783809878 0.0860927503919286102 -0.0114654339003827047 1.06657377866545611 0.0324165197010291908 0.0420106305807894029 -0.0220574886159781956
-0.0036841951200838486 0.00752242900518499107 0.0355327355489924515 -0.0696048159504718961 -0.606083043262521159 -0.806480852800776082 0.082170343456766673 -0.00792274508939577043
0.000428312922146061904 0.00734491667403178346 -0.00314343852840689129 -0.0650688343464073254 -0.0361445724451384259 0.897680022203297567 0.0724905349390517623 0.0569523826025630786
-0.00125390021333728757 -0.000470267688892302051 0.0130608318332678386 0.00260674482579735002 -0.0815405129929342998 -0.026400595144937776 -0.989656428439607216 0.185687361822961833
-0.000289564384662137451 0.000320430509859342483 0.00337205315392366273 -0.00410853684105831965 -0.0274291783547507689 0.0255150318387772287 0.193219918819724557 -1.19424133348560302
0.000202630592353142966 -0.000641844731496458488 -0.00250181870049492579 0.00758428773482453401 0.0261809652749282057 -0.0490733461193645429 -0.222926124451818891 -0.676675052512158093
-1 2 -2 1
0.811900351821447486 -0.0263890780929618637 -0.00328029821294704028 -0.000247219767545334493
0.580577798254361732 0.0676440916567066647 0.00839339320326973511 0.000680633059691279629
0.0480556175065241786 -0.81868330356165786 -0.0312112756549739537 -0.00295626944257482149
-0.0368920201787594423 -0.564485891751216995 0.0786289842751612955 0.00778072419138305105
-0.00744100581936595323 -0.0642672755495302395 -0.718989735709960165 -0.0290459092860947399
0.00446686020798139384 0.0394887518033372673 -0.685306498532223363 0.049064649901923385
0.00123838942718979689 0.0122191625308505115 -0.077965581883030502 -0.272618486739687027
0.000142630391608354612 0.00150590373066705752 -0.00960524611240592963 0.960394893986100895
# GS energy in absolute units:
e
-0.197360306517982
# Irreducible matrix elements for other operators:
sHimp
6
-2 1 -2 1
-0.0799560092212946022 0 0 0
0 0.422836719382890525 0 0
0 0 0.964777646247437892 0
0 0 0 1.69234164359096573
-1 2 -1 2
-0.0619031238766297245 -0.0234616289499195441 -0.00268538048921946639 0.0226488861962680886 0.00851362406981951217 -0.00145765606391140318 -0.00103933977269728118 -0.000589774655256304777
-0.0234616289499195441 -0.0434821760325411269 -0.0407078885598791684 0.00371296773279886734 -0.000985472786222244468 -0.00866707806359940172 -0.00234658137822396336 0.000815630708129756569
-0.00268538048921945815 -0.0407078885598791615 0.436531703365441226 -0.0214154252330314987 -0.00839483325202317228 0.0286740928899238273 0.0112457983712293645 -0.00219050429383387674
0.0226488861962680921 0.00371296773279886734 -0.0214154252330314952 0.458823560197992086 -0.0504854378921888586 -0.00488288620963187904 0.00501020521460918654 0.0100755247514297264
0.00851362406981951737 -0.000985472786222235143 -0.00839483325202317575 -0.0504854378921889002 0.963771848351634208 -0.00232864559193025206 -0.0150945593408444087 -0.0258143839796753267
-0.00145765606391141532 -0.00866707806359939825 0.0286740928899238239 -0.00488288620963191373 -0.00232864559193029369 0.969711135065658092 -0.042243849865772079 0.0249895334516737483
-0.00103933977269728226 -0.00234658137822396466 0.0112457983712293784 0.00501020521460918654 -0.0150945593408444365 -0.042243849865772079 1.48275779968968524 -0.0577955832683963999
-0.00058977465525630456 0.000815630708129752666 -0.00219050429383383163 0.0100755247514297264 -0.0258143839796753545 0.0249895334516738038 -0.0577955832683963999 1.67378925323875971
0 1 0 1
-0.0477762674621706532 -0.0169372557163227806 -0.0186063007920115771 -0.00252492426713432595 0.0263448085228399631 0.00140275668049325074 0.0162776353561387942 0.00159282374819679092 -0.000425060569460860085 0.0004390240514489614 0.00101305717111335714 -0.00025101066438506294
-0.0169372557163227806 -0.0505984999383474535 -0.0101241334782814687 -0.052355007280208303 0.00222733692499018938 0.0361749904794357244 -0.00137252377298583512 -0.00119663517095225987 -0.00140990723253546176 0.00443380737912483017 -9.17273911581229119e-05 0.000307305695160260044
-0.0186063007920115805 -0.0101241334782814774 -0.0332731368603859171 -0.0044103467266163902 -0.0631178695913006266 0.00318017747784608276 0.00127759934670276993 0.00230613688295475952 -0.0181749747707424282 -0.000289654702728531373 -0.00195049399132738929 0.00058533878649581826
-0.00252492426713432595 -0.05235500728020831 -0.00441034672661638674 0.448963541623868312 -0.0172398198430203271 -0.0153373718183354938 -0.00523748212984425764 -0.0363796781205439068 0.000494381065583193507 -0.0221419819102071265 0.000492740513968785042 0.00469961103798249846
0.0263448085228399527 0.00222733692499020586 -0.0631178695913006127 -0.0172398198430203271 0.447324469961811966 -0.00964752377590810152 -0.0700957343804949062 -0.000730548745990109339 0.0392844593603696307 0.00189242064427473395 -0.00422819516362459881 -0.00118856211823925063
0.0014027566804932451 0.0361749904794357244 0.00318017747784607886 -0.0153373718183355372 -0.00964752377590811019 0.469099676013458478 -0.00183934213026645029 0.0765303522430820088 0.00612333583485951717 -0.0107523028559608162 -0.00500264900796515942 -0.0182256062840940106
0.0162776353561387942 -0.00137252377298582341 0.00127759934670276451 -0.00523748212984424463 -0.0700957343804948646 -0.00183934213026644595 0.967741277982348103 0.0113699529124191498 0.00857832696998986691 0.00778552504828109847 0.0461277570501334513 -0.0122514587649926419
0.00159282374819678463 -0.00119663517095224079 0.00230613688295475995 -0.0363796781205439554 -0.000730548745990113892 0.0765303522430819672 0.0113699529124191377 0.982833394120828596 0.016191213210626422 -0.0792388574492967346 0.00824486792806407472 -0.0113070247883982327
-0.00042506056946085293 -0.00140990723253546849 -0.0181749747707424282 0.00049438106558320977 0.0392844593603695683 0.0061233358348595137 0.00857832696998988425 0.0161912132106264151 0.983658729951970456 -0.00922214885275216001 -0.0595251495128800087 0.0166886046443315977
0.000439024051448958202 0.00443380737912482323 -0.00028965470272852991 -0.0221419819102071161 0.00189242064427472983 -0.0107523028559608023 0.00778552504828107853 -0.0792388574492967346 -0.00922214885275218256 1.49982686942427046 -0.0241803622436375376 -0.0918775674720373192
0.00101305717111334868 -9.17273911581299457e-05 -0.00195049399132739471 0.000492740513968815291 -0.00422819516362459621 -0.00500264900796510391 0.046127757050133382 0.00824486792806411635 -0.0595251495128800157 -0.0241803622436375688 1.69000646776712093 -0.0273532405511433992
-0.000251010664385062452 0.000307305695160253159 0.000585338786495813489 0.00469961103798251494 -0.00118856211823921659 -0.0182256062840939932 -0.0122514587649926853 -0.0113070247883981529 0.0166886046443315839 -0.0918775674720373331 -0.02735324055114342 1.68219347741522984
0 3 0 3
-0.0299999999999999989 0 0 0
0 0.469999999999999973 0 0
0 0 0.969999999999999973 0
0 0 0 1.46999999999999997
1 2 1 2
-0.0342243017197480306 -0.00492430944202694541 -0.000728846880675329653 0.0221837771564578137 -0.00854484819013036183 -0.000870550166746001872 -0.000771004313591736393 0.000655670033742859759
-0.00492430944202695061 -0.031209423184493431 -0.0411490593014067138 0.000342368203691170714 -0.00118198887698958569 0.00866795712769205355 -0.00243037507059787241 -0.000826866933239946145
-0.000728846880675335291 -0.0411490593014066999 0.464689214180011689 -0.00340825541051058886 0.00546556827270997664 -0.0285590751256372677 0.0104190213454486008 0.00384607907103276525
0.0221837771564578345 0.000342368203691176731 -0.00340825541051062962 0.470693367662938789 0.0503640055242339651 0.00909238717910749311 0.00656240424779898357 -0.00953396568472805739
-0.00854484819013035662 -0.00118198887698956617 0.00546556827270996016 0.0503640055242339305 0.978954053709840344 0.0163864574114351291 0.00865533605406658413 -0.0292109356259220299
-0.00087055016674599992 0.00866795712769208304 -0.0285590751256373093 0.00909238717910740984 0.0163864574114351985 0.994719127513448376 0.0436256361759483346 0.0220368459778993442
-0.000771004313591739212 -0.00243037507059787458 0.0104190213454486008 0.0065624042477989801 0.00865533605406655637 0.0436256361759483208 1.48092256200066474 0.0602314167582245208
0.000655670033742858024 -0.000826866933239946145 0.00384607907103274443 -0.00953396568472810596 -0.0292109356259220576 0.0220368459778993997 0.0602314167582245485 1.71545539983733342
2 1 2 1
-0.0399560092212946083 0 0 0
0 0.462836719382890449 0 0
0 0 1.00477764624743782 0
0 0 0 1.73234164359096576
sHpot
6
-2 1 -2 1
-0.0799560092212946022 0 0 0
0 0.422836719382890525 0 0
0 0 0.964777646247437892 0
0 0 0 1.69234164359096573
-1 2 -1 2
-0.0516998054627607201 -0.0375483855203148156 -0.00450709399516854674 0.0231083731547131986 0.00857301565845646103 -0.00160226967042275997 -0.00106952407515366484 -0.000585878906952084577
-0.0375483855203148156 -0.0237336924907242362 -0.0398755972260218042 0.00548109463626192134 -0.000543815263614973827 -0.00865345472540646719 -0.00236774897674596994 0.000792898825035417152
-0.00450709399516853113 -0.0398755972260217834 0.446325666050593484 -0.0351519810242984579 -0.0106383357829233777 0.0290001893602934366 0.0114469415855082187 -0.00207754234953567811
0.0231083731547132021 0.00548109463626192134 -0.0351519810242984579 0.47903610819870851 -0.0498792294897984212 -0.00260412130479884332 0.0054660478739720561 0.00989966494025558939
0.0085730156584564645 -0.000543815263614970575 -0.0106383357829233395 -0.0498792294897984628 0.978112581666333303 -0.0169906097458425512 -0.0169899712748389498 -0.0251817646421950217
-0.00160226967042276735 -0.00865345472540646546 0.029000189360293447 -0.00260412130479890577 -0.0169906097458425928 0.985502185530870323 -0.043460123080966806 0.0233766110459576217
-0.00106952407515366766 -0.00236774897674597341 0.0114469415855082378 0.00546604787397204916 -0.0169899712748389706 -0.0434601230809668337 1.51034129030532727 -0.0499639648717667972
-0.00058587890695207894 0.000792898825035417152 -0.00207754234953567117 0.00989966494025560327 -0.0251817646421950217 0.0233766110459577327 -0.0499639648717667972 1.67611566620165187
0 1 0 1
-0.0226573530095558681 -0.0384193445024582012 -0.0190697249466408175 -0.00607643757684377898 0.0267010313505650632 0.00166969451983371947 0.0163125716683576866 0.0017575121514668481 -0.00042629554040015126 0.000494999568288422053 0.00101240798549938294 -0.000258452106545857042
-0.0384193445024582012 -0.0190807998681791456 -0.0302952476767254508 -0.051910593123573108 0.00169939027429201472 0.0363878269708399482 -0.000796126065425971472 -0.00117587407740400111 -0.00161672262353714999 0.0044311674431169179 -8.21783488424536061e-05 0.000308607449949796411
-0.0190697249466408141 -0.0302952476767254508 8.57942323192778109e-06 -0.00353544716975037971 -0.0626373920647066429 0.00706269255154413043 0.00131132857728250788 0.00165435194009912797 -0.0182316339239147022 -0.000229655714434123348 -0.00193813621534466942 0.000627307242165970019
-0.00607643757684378158 -0.0519105931235731219 -0.00353544716975038665 0.473326158889652127 -0.0384896077547374205 -0.0158178267435400664 -0.00965279017914393196 -0.0367488068455121275 0.000543380237082996998 -0.0222342953887741702 0.000294821703244855105 0.00474685173836072311
0.0267010313505650562 0.00169939027429203012 -0.0626373920647066568 -0.0384896077547374343 0.479148329124014394 -0.0292941810995326936 -0.0694026193935182306 -0.000492424470258809961 0.0396376025223236783 0.00103331602482217518 -0.00419420416576973126 -0.00124734123989126908
0.00166969451983371817 0.0363878269708399621 0.00706269255154411916 -0.0158178267435400907 -0.0292941810995326901 0.50288484606384487 -0.00152020985668877809 0.0757906613297879006 0.0107513159641053537 -0.0106651349008417377 -0.00457480227134847255 -0.0183427333988391457
0.0163125716683576831 -0.000796126065425968002 0.00131132857728250116 -0.00965279017914392502 -0.0694026193935182445 -0.00152020985668879414 0.993285853367755989 0.0313216131634030878 0.00879400069829327016 0.0117572371245702155 0.045936617061897278 -0.0131991359439650076
0.00175751215146684615 -0.00117587407740400241 0.00165435194009913794 -0.0367488068455121344 -0.00049242447025884162 0.0757906613297879145 0.0313216131634031086 1.0119111844479558 0.0369535742569868861 -0.0788849792983543768 0.00759102208430993859 -0.0116109160428051143
-0.000426295540400146381 -0.00161672262353715086 -0.0182316339239147092 0.000543380237082970435 0.0396376025223236367 0.0107513159641053364 0.00879400069829326322 0.0369535742569868098 1.01906076186451333 -0.0067581861229572774 -0.0586295428201569005 0.0196942151449565235
0.000494999568288420101 0.00443116744311691183 -0.000229655714434126899 -0.0222342953887741564 0.00103331602482217995 -0.010665134900841703 0.0117572371245702276 -0.0788849792983543352 -0.00675818612295725745 1.52918412952707117 -0.0118389521696282557 -0.0947011124296090467
0.00101240798549937861 -8.21783488424593931e-05 -0.00193813621534468438 0.000294821703244850877 -0.00419420416576970698 -0.00457480227134845607 0.0459366170618971878 0.00759102208431000364 -0.0586295428201569491 -0.0118389521696282089 1.7060571243576268 -0.0502441242939046587
-0.000258452106545858126 0.000308607449949787086 0.000627307242165966983 0.00474685173836073178 -0.00124734123989124891 -0.0183427333988391734 -0.0131991359439650284 -0.0116109160428050431 0.0196942151449564437 -0.0947011124296090745 -0.0502441242939046795 1.72687118581207244
0 3 0 3
0 0 0 0
0 0.5 0 0
0 0 1 0
0 0 0 1.5
1 2 1 2
0.0117829798453928398 0.00991863483892673099 0.00117985058746116834 0.022101077766865547 -0.00850595928316864001 -0.00101218131754912677 -0.000742604072084827264 0.000662408241368796225
0.00991863483892673446 0.0127920210673003899 -0.041302544190473009 -0.00151994284257761492 -0.000741865968371868342 0.00872607746648359876 -0.00240616539928560809 -0.000848295637026354188
0.0011798505874611885 -0.0413025441904729951 0.510541858300371021 0.011262466629018815 0.00316778528819148392 -0.0287997039144493663 0.0102711418716187608 0.00397512173882655362
0.0221010777668655435 -0.0015199428425776147 0.0112624666290188427 0.514817935411977956 0.0500580588805500798 0.0113662234830649508 0.00607574701395342115 -0.00970046325683823762
-0.00850595928316864869 -0.00074186596837187127 0.00316778528819147091 0.0500580588805500798 1.01974049914966414 0.0304559460571491858 0.00692685015580830898 -0.0300706758201475521
-0.00101218131754914759 0.00872607746648358142 -0.0287997039144493941 0.0113662234830650237 0.0304559460571491997 1.04381458603960198 0.0418885987593998893 0.0234537929120969268
-0.000742604072084825637 -0.00240616539928560939 0.0102711418716187677 0.00607574701395342115 0.00692685015580830205 0.0418885987593999032 1.51284800733896585 0.0671445174827445534
0.000662408241368796441 -0.000848295637026359826 0.0039751217388265675 -0.00970046325683823762 -0.0300706758201475521 0.0234537929120969268 0.0671445174827445257 1.77366211284672115
2 1 2 1
0.0200439907787053652 0 0 0
0 0.522836719382890447 0 0
0 0 1.06477764624743809 0
0 0 0 1.79234164359096582
sn_d
6
-2 1 -2 1
0 0 0 0
0 0 0 0
0 0 0 0
0 0 0 0
-1 2 -1 2
0.34011061379563351 -0.469558552346509395 -0.0607237835316357874 0.0153162319481703075 0.00197971962123157054 -0.00482045355037837714 -0.00100614341521284732 0.000129858276807524604
-0.469558552346509395 0.658282784727229564 0.0277430444619125895 0.0589375634487683611 0.0147219174202421303 0.000454111273097775015 -0.000705586617400291065 -0.000757729436477841455
-0.0607237835316357874 0.0277430444619125895 0.326465422838409125 -0.457885193042230909 -0.0747834176966720859 0.0108698823456541641 0.00670477380929526863 0.00376539814327196687
0.0153162319481703075 0.0589375634487683611 -0.457885193042230909 0.673751600023878017 0.0202069467463481325 0.0759588301611005406 0.0151947553120954666 -0.0058619937058041003
0.00197971962123157054 0.0147219174202421303 -0.0747834176966720859 0.0202069467463481325 0.478024443823301948 -0.488732138463742805 -0.0631803977998178223 0.0210873112493448443
-0.00482045355037837714 0.000454111273097775015 0.0108698823456541641 0.0759588301611005406 -0.488732138463742805 0.526368348840401845 -0.0405424405064919585 -0.0537640801905363563
-0.00100614341521284732 -0.000705586617400291065 0.00670477380929526863 0.0151947553120954666 -0.0631803977998178223 -0.0405424405064919585 0.919449687188074516 0.261053946554320015
0.000129858276807524604 -0.000757729436477841455 0.00376539814327196687 -0.0058619937058041003 0.0210873112493448443 -0.0537640801905363563 0.261053946554320015 0.0775470987630717534
0 1 0 1
0.837297148420492854 -0.716069626204514309 -0.0154474718209745288 -0.118383776990315173 0.011874094257503397 0.00889792797801576205 0.00116454374062940165 0.00548961344233526299 -4.11656979765476626e-05 0.00186585056131537857 -2.16395204656884244e-05 -0.00024804807202647301
-0.716069626204514309 1.05059000233894362 -0.67237047328146593 0.0148138052211729855 -0.0175982216899390233 0.00709454971347439275 0.0192132569186619639 0.000692036451608132007 -0.00689384636672259708 -8.79978669303451837e-05 0.000318301410522401067 4.33918263177318956e-05
-0.0154474718209745288 -0.67237047328146593 1.1093905427872619 0.0291633185622001655 0.0160159175531319649 0.1294171691232682 0.00112430768599094759 -0.0217261647618543427 -0.00188863843907627164 0.00199996627648002002 0.000411925866090327058 0.00139894852233851089
-0.118383776990315173 0.0148138052211729855 0.0291633185622001655 0.812087242192791048 -0.708326263723903726 -0.0160151641734850303 -0.147176934976655766 -0.0123042908322734176 0.00163330571665843381 -0.00307711595223475942 -0.00659729369079872438 0.00157469001260725433
0.011874094257503397 -0.0175982216899390233 0.0160159175531319649 -0.708326263723903726 1.06079530540674849 -0.654888577454153298 0.0231038328992224616 0.00793747585771001699 0.0117714387318025859 -0.0286368206484180279 0.00113303326182978906 -0.00195930405506787022
0.00889792797801576205 0.00709454971347439275 0.1294171691232682 -0.0160151641734850303 -0.654888577454153298 1.12617233501288161 0.0106377424525881514 -0.024656363776469032 0.154266004308193899 0.00290559850396986249 0.0142615578872212264 -0.00390423715817197862
0.00116454374062940165 0.0192132569186619639 0.00112430768599094759 -0.147176934976655766 0.0231038328992224616 0.0106377424525881514 0.851485846180261796 0.66505534169946412 0.00718912427677950456 0.132390402542971242 -0.0063713329412062418 -0.0315892392990783505
0.00548961344233526299 0.000692036451608132007 -0.0217261647618543427 -0.0123042908322734176 0.00793747585771001699 -0.024656363776469032 0.66505534169946412 0.96925967757090481 0.692078701545348118 0.0117959383647471619 -0.021794861458470375 -0.0101297084802305683
-4.11656979765476626e-05 -0.00689384636672259708 -0.00188863843907627164 0.00163330571665843381 0.0117714387318025859 0.154266004308193899 0.00718912427677950456 0.692078701545348118 1.18006773041809532 0.0821320909931635285 0.0298535564241001819 0.100187016687496258
0.00186585056131537857 -8.79978669303451837e-05 0.00199996627648002002 -0.00307711595223475942 -0.0286368206484180279 0.00290559850396986249 0.132390402542971242 0.0117959383647471619 0.0821320909931635285 0.978575336760021397 0.411380335800309749 -0.094118165252392777
-2.16395204656884244e-05 0.000318301410522401067 0.000411925866090327058 -0.00659729369079872438 0.00113303326182978906 0.0142615578872212264 -0.0063713329412062418 -0.021794861458470375 0.0298535564241001819 0.411380335800309749 0.535021886350186771 -0.763029458092039259
-0.00024804807202647301 4.33918263177318956e-05 0.00139894852233851089 0.00157469001260725433 -0.00195930405506787022 -0.00390423715817197862 -0.0315892392990783505 -0.0101297084802305683 0.100187016687496258 -0.094118165252392777 -0.763029458092039259 1.48925694656141427
0 3 0 3
1 0 0 0
0 1 0 0
0 0 1 0
0 0 0 1
1 2 1 2
1.53357605217136217 0.494764809365122959 0.063623248937884111 -0.00275664631974314664 0.00129629689872396564 -0.00472103836010462352 0.000946674716897046714 0.000224606920864425103
0.494764809365122959 1.46671480839312784 -0.00511616296887675535 -0.062077034875626734 0.0146707636205904452 0.00193734462638390711 0.000806989043742032709 -0.000714290126214094101
0.063623248937884111 -0.00511616296887675535 1.52842147067864831 0.489024067984314637 -0.0765927661506163315 -0.00802095962706989019 -0.00492931579432767664 0.00430142225979432413
-0.00275664631974314664 -0.062077034875626734 0.489024067984314637 1.47081892496797417 -0.0101982214561298218 0.0757945434652515515 -0.0162219077948518239 -0.00554991907033711152
0.00129629689872396564 0.0146707636205904452 -0.0765927661506163315 -0.0101982214561298218 1.35954818132746502 0.468982954857134926 -0.0576161966086088662 -0.0286580064741837615
-0.00472103836010462352 0.00193734462638390711 -0.00802095962706989019 0.0757945434652515515 0.468982954857134926 1.63651528420511605 -0.0579012472182809379 0.047231564473250387
0.000946674716897046714 0.000806989043742032709 -0.00492931579432767664 -0.0162219077948518239 -0.0576161966086088662 -0.0579012472182809379 1.06418151127672234 0.230436690817332118
0.000224606920864425103 -0.000714290126214094101 0.00430142225979432413 -0.00554991907033711152 -0.0286580064741837615 0.047231564473250387 0.230436690817332118 1.94022376697957988
2 1 2 1
1.99999999999999933 0 0 0
0 1.99999999999999911 0 0
0 0 2 0
0 0 0 1.99999999999999956
sn_d_ud
6
-2 1 -2 1
0 0 0 0
0 0 0 0
0 0 0 0
0 0 0 0
-1 2 -1 2
0 0 0 0 0 0 0 0
0 0 0 0 0 0 0 0
0 0 0 0 0 0 0 0
0 0 0 0 0 0 0 0
0 0 0 0 0 0 0 0
0 0 0 0 0 0 0 0
0 0 0 0 0 0 0 0
0 0 0 0 0 0 0 0
0 1 0 1
0.195516811644537797 -0.313637935471283102 0.232307445964191672 -0.0483665116381635923 0.0505311960301635735 -0.00225499282721143817 0.00436233397285230168 0.00318511565689330893 0.00508909990086196806 0.000917252353242501242 0.000753783413352939499 -0.000440885824440266671
-0.313637935471283102 0.509491928336145983 -0.383893638016731487 0.0437221918412176586 -0.0267989110932630482 -0.0373118203239895044 0.00681311777289785644 0.00944217738466527658 -0.00282472186650317876 -8.99536517717569107e-05 -0.000252086959700755712 -0.00110263697942887431
0.232307445964191672 -0.383893638016731487 0.296008153828322629 0.0027083410624432749 -0.0376242621409976635 0.0721511282347345601 -0.0143231234598517818 -0.0139833098318914544 0.00384497449977896574 0.000904565489868711212 0.000944243348178357882 0.000606575801316933312
-0.0483665116381635923 0.0437221918412176586 0.0027083410624432749 0.193168140379043785 -0.306199018187297778 0.225277447459802799 -0.0613024529175157651 -0.0563867476952161634 -0.00960299098720882732 -0.00235857880050173484 -0.00225720271574969371 0.00691569856300650824
0.0505311960301635735 -0.0267989110932630482 -0.0376242621409976635 -0.306199018187297778 0.498682133992218057 -0.38106372628761781 0.0598402900601947701 0.0279565726225172971 -0.04217082564798557 -0.0123310472042928061 -0.00712263632951028007 0.000311467304936942455
-0.00225499282721143817 -0.0373118203239895044 0.0721511282347345601 0.225277447459802799 -0.38106372628761781 0.306425906224468469 -0.00847639512598028812 0.0394167188326965401 0.0883825894633693682 0.0211550159905207723 0.0090490150749361984 -0.000328123732610859607
0.00436233397285230168 0.00681311777289785644 -0.0143231234598517818 -0.0613024529175157651 0.0598402900601947701 -0.00847639512598028812 0.178569026011954624 0.277282211914419874 0.238371532025671157 0.0592522619169613685 0.0314895010183335738 -0.0281424359352438827
0.00318511565689330893 0.00944217738466527658 -0.0139833098318914544 -0.0563867476952161634 0.0279565726225172971 0.0394167188326965401 0.277282211914419874 0.446758964583720219 0.397907613786485759 0.0738812386589997178 0.00887226999792420194 0.0245519402969667892
0.00508909990086196806 -0.00282472186650317876 0.00384497449977896574 -0.00960299098720882732 -0.04217082564798557 0.0883825894633693682 0.238371532025671157 0.397907613786485759 0.366590706210746242 0.0536159398509485421 -0.017120024601598987 0.0644360130700222106
0.000917252353242501242 -8.99536517717569107e-05 0.000904565489868711212 -0.00235857880050173484 -0.0123310472042928061 0.0211550159905207723 0.0592522619169613685 0.0738812386589997178 0.0536159398509485421 0.0911919367680364273 0.142240059778134337 -0.224037889326208994
0.000753783413352939499 -0.000252086959700755712 0.000944243348178357882 -0.00225720271574969371 -0.00712263632951028007 0.0090490150749361984 0.0314895010183335738 0.00887226999792420194 -0.017120024601598987 0.142240059778134337 0.252164791686150358 -0.408463999519793564
-0.000440885824440266671 -0.00110263697942887431 0.000606575801316933312 0.00691569856300650824 0.000311467304936942455 -0.000328123732610859607 -0.0281424359352438827 0.0245519402969667892 0.0644360130700222106 -0.224037889326208994 -0.408463999519793564 0.665431500334656922
0 3 0 3
0 0 0 0
0 0 0 0
0 0 0 0
0 0 0 0
1 2 1 2
0.533576052171361503 0.494764809365122904 0.0636232489378840693 -0.00275664631974306684 0.00129629689872395783 -0.0047210383601045975 0.000946674716897052786 0.000224606920864425103
0.494764809365122904 0.466714808393127734 -0.00511616296887675535 -0.0620770348756266507 0.0146707636205904296 0.00193734462638390538 0.000806989043742049623 -0.000714290126214087162
0.0636232489378840693 -0.00511616296887675535 0.528421470678649086 0.489024067984314081 -0.0765927661506162344 -0.0080209596270699457 -0.00492931579432785011 0.00430142225979422699
-0.00275664631974306684 -0.0620770348756266507 0.489024067984314081 0.470818924967974894 -0.0101982214561297385 0.075794543465251607 -0.0162219077948516609 -0.00554991907033702825
0.00129629689872395783 0.0146707636205904296 -0.0765927661506162344 -0.0101982214561297385 0.359548181327465022 0.468982954857134537 -0.0576161966086086025 -0.0286580064741837059
-0.0047210383601045975 0.00193734462638390538 -0.0080209596270699457 0.075794543465251607 0.468982954857134537 0.636515284205116272 -0.0579012472182812155 0.0472315644732506645
0.000946674716897052786 0.000806989043742049623 -0.00492931579432785011 -0.0162219077948516609 -0.0576161966086086025 -0.0579012472182812155 0.0641815112767225582 0.230436690817332396
0.000224606920864425103 -0.000714290126214087162 0.00430142225979422699 -0.00554991907033702825 -0.0286580064741837059 0.0472315644732506645 0.230436690817332396 0.940223766979581432
2 1 2 1
0.999999999999999667 0 0 0
0 0.999999999999999556 0 0
0 0 1 0
0 0 0 0.999999999999999778
dA_d
6
2 1 1 2
-0.9087996417807781 0.920529002459773094 0.440716796144466516 -0.326859127205385236 0.14180520805654151 -0.0662142398713805591 0.0336913255575882753 -0.00363803198217029205
-0.316985607890267085 0.448449348510877199 -0.755663144765269301 0.768921713367795467 -0.615489124054072412 0.326245620024338989 -0.223813045822716439 0.0281170885983281597
0.0796716413681263086 -0.133092365499325932 0.411948370524053586 -0.580387639035120473 -0.801200316681453528 0.595950599210422483 -0.678928009696189938 0.106608038090771406
-0.0101813903055531941 0.0193995595342543077 -0.0905401342217758281 0.153084447914717287 0.489945008173161889 -0.510873550640171148 -1.16596155605502516 0.327694043747092212
1 2 0 3
0.839880833841109564 -0.297526546911524636 0.0785432484290392585 -0.0165280129635465081
0.741652905116724548 -0.369258537759878269 0.113922753907405361 -0.0263233613963626649
0.396504693714176903 0.692409366277645488 -0.377608035725857383 0.115748324941872191
0.263960840677418429 0.62692376524253246 -0.466628670585299776 0.160553226073955557
-0.0984513158818679096 -0.434183835715411692 -0.50571148373644681 0.292181283474592213
-0.0872568348697757984 -0.436765097220822796 -0.704191750731871347 0.510401213876936266
0.010177515115327088 0.0718583960166520458 0.223978201392323412 0.202086173015708664
0.0158068683013858277 0.134977649314646092 0.564558285857842068 1.03592507906634945
1 2 0 1
-0.703860684625638222 -0.323153382776337927 0.111126571207007724 -0.319116771062109061 -0.091401438219686354 0.0420740987707235586 -0.0897009837564183704 0.0258140702496346165 0.00490891422127068267 0.0165882256177558342 -0.00642788451390908545 -0.00130521205377079905
0.138787848401748848 0.542746508536093963 0.573947749046905931 0.0644310167059891914 0.262418002923695937 0.204363499080452843 0.00614283831116273389 -0.0742679212012389428 0.0537219355796871231 0.00789709306344973244 0.00882739922710021503 0.0056517117954069775
-0.244660989483016567 -0.166354001214551184 0.0407217536713271461 0.597302490084322013 0.271677204982199383 -0.0910018172700285261 0.410037939730306333 -0.148343730210746594 -0.0176059009594383732 -0.11736663567789582 0.0577227093047317091 0.0135819891714879393
0.0499747290808414957 0.204507535402614321 0.304095176016773772 -0.115866563448522655 -0.443319741519112687 -0.476031101974560666 -0.0463559915736471984 0.332906199150612203 -0.26256306998294221 -0.0378620195224919978 -0.0755434984390284114 -0.0466653862926988822
0.0644512188680449599 0.0629103666209564205 0.0119072339157598704 -0.329374998449531387 -0.255121522932439726 -0.00895669179743960667 0.528935507247004333 -0.35342445845853343 0.051899054258742798 -0.356613020558100513 0.305680530433605213 0.101630636452721801
-0.00154586881795456188 -0.0440034584757065528 -0.0945631296314657366 0.00309809961882803785 0.21139786841276817 0.38334424586126814 0.0561533101842254245 0.369945578127532704 -0.465224647628666887 -0.145779067598585332 -0.264515074803492345 -0.177604480201590281
-0.0120549940471318846 -0.0176480956497798366 -0.0143657398119004347 0.0911609334062076088 0.110348316008234804 0.0654098267465130223 -0.288899520355601236 0.334220472672389413 -0.150459950428346118 -0.326077723424121224 0.718240561590310023 0.320124881467261091
-0.00336898161580404193 0.000811097901132361754 0.0108219987907352145 0.0310866631541650111 -0.00955081794101925348 -0.0847392681011263776 -0.171767831838340962 -0.0537007279300555015 0.309904785773245539 -0.490321602547121316 -0.209887515170746941 -0.329581060133890047
0 3 -1 2
-0.759713030837705028 -0.510118582658613096 -0.350803208160632207 -0.166986693799023894 -0.0898797626292664881 -0.0579665966944170677 -0.00824266672523719067 0.0126986622391930953
-0.277385853324592757 -0.271431437653937679 0.638913938915844359 0.416491127948855899 0.406409311944729013 0.295254847058218695 0.0597272118242590105 -0.108604275460843169
-0.0743824694070202297 -0.0860962562046456159 0.360173548961054357 0.33331004943249487 -0.50641331042814397 -0.494802066716384992 -0.194155484681296953 0.455251831463791667
-0.0158061253966829997 -0.0202152472109143472 0.11196284916720807 0.117487851956665224 -0.303766710869088685 -0.371842728702722669 0.198037065200059481 -0.838595567907887363
0 1 -1 2
-0.852575398147023322 0.148567069468631713 -0.282338316253966715 0.0570813545687328394 -0.0720488325379266409 0.00272957242000348467 -0.0121631349197921877 0.00453124852138858322
0.595792607733602098 -0.731214231702103534 0.271447266670856169 -0.272877132277331069 0.0943213315514402073 -0.0573201820686129668 0.024841669201151044 -0.00146457350290939755
0.18089606110259554 0.914646599165792384 0.0865913818777251376 0.459906635904449468 -0.00681795644031779439 0.142354758878625143 -0.0229874417182388859 -0.0153880132789374069
0.402603142389101221 -0.0482935015734284392 -0.698846542034872398 0.123547648519501951 -0.366180820016462516 0.00189997015789039343 -0.0903637233658324684 0.0419234246349987905
-0.204339203896226757 0.35273066963726718 0.524200082575733028 -0.590695531094640902 0.419859552455227825 -0.259597011984109949 0.164396154080144352 -0.0147032286298065182
-0.0665645950763922162 -0.346150843674373321 0.150646606914947023 0.774471989521893334 0.00849873856360305532 0.592310848517178634 -0.118378162809000154 -0.12042450386605287
-0.117822146143191975 0.00221776846675813362 0.521822428241936032 -0.0506961093798515006 -0.637638890870774855 -0.0655488089278919717 -0.310706679729751523 0.235183938880770049
-0.0516644432420825389 0.0909317072572862345 0.269407509635241238 -0.413622050433839816 -0.559383223924747153 0.404283788290605406 -0.482760582709848562 0.0724260156042710462
0.00660101581084378535 0.0989836184152180082 -0.0281977563695806309 -0.477008950910845664 -0.0835427483608560811 0.796339016093431051 -0.32524457705828963 -0.44155916174198262
-0.0243999780919636165 -0.00824100832139412938 0.170025307741882431 0.0296606790260002771 -0.51851202296852994 -0.130279224268272487 0.434575820729478424 -0.688069883265075566
-0.00671238128233284798 0.00680779488295944757 0.0564469920123059771 -0.062039451451334611 -0.276503849979442884 0.220868438935709926 0.63425962362687538 -0.0193083204412407283
0.00486629931539483713 -0.0141722097232001455 -0.0439677318588580432 0.120854030444466784 0.285773182725649499 -0.465758153836573874 -0.917839450473647234 -0.575731994393482438
-1 2 -2 1
-0.55145413853962677 0.184216517835718796 0.0451795757157351929 0.0056592736088708186
0.729189906805891574 -0.341305000229104261 -0.0993594932809515052 -0.0142636760061420134
0.276901186982841274 0.441658481060835273 0.228831597497338168 0.0486316931615034809
-0.273060575359222013 -0.620959251850531024 -0.447570203547612622 -0.115239067359753186
-0.0924254955978180137 -0.39328552710073339 0.483658753569348954 0.284398797212016607
0.0618452176106110488 0.297894139040078054 -0.51504190648325654 -0.410529456179165253
0.0238008169822902793 0.157842225747776399 -0.477568460671029371 0.816025370587423193
0.00320712723269477853 0.0243715591010266359 -0.090210420409192249 0.26230691995173705
dself_d
6
2 1 1 2
-0.00876743810540353379 0.0341565898098445675 -0.176084716803067143 0.171656546350996086 -0.132169793246765505 0.0695986129534083148 -0.0492595985672090245 0.00639497376390427402
-0.18763704977936177 0.198013049198213026 0.0144779275110961791 0.0510983794235733355 0.259838045257193617 -0.177242342593672553 0.214220360535593402 -0.0352484792450111287
0.0907685028593149673 -0.132007001800023671 0.25551288956654794 -0.287300527726121191 -0.0179983458148378073 0.0825360652041908505 0.276669662737932587 -0.0754896762451984088
-0.0190300467300163791 0.0334104868360270424 -0.12255708415040549 0.188387101079622088 0.404573124451549693 -0.360696695408601609 -0.329836725964493371 0.112992095937612613
1 2 0 3
0.0244827740018060264 0.160438897509306788 -0.082024362358962627 0.0255553780777654296
0.000313582959696800945 0.143626947975106112 -0.102168490906574441 0.036831663441522125
0.178132342626946799 0.0417381942936855821 0.198178535666278438 -0.119232428150506525
0.151780837116248346 -0.0164979742470347523 0.186275220193305835 -0.145589590537016478
-0.0966818987312691447 -0.206145454537495554 -0.0721623165802904032 -0.145965468413054356
-0.0960787029311421376 -0.26030338157529076 -0.0171468329494287863 -0.192899056720002265
0.0153894307148631209 0.0725719446417218694 0.112727147616729972 0.0977969422214505502
0.0285762166930678026 0.176340335513795188 0.453488246996931355 0.299161234894590233
1 2 0 1
-0.0310357949914828596 -0.0424670088075819879 -0.0164240035588216655 0.125765969036643305 0.0465116138601462115 -0.0272784387148217421 0.0840569714858134948 -0.0273408571688915428 -0.00574567854806012218 -0.0247915231833694578 0.011519740481123612 0.00242621933805678468
0.0328206118356740364 0.0384155406962726834 0.0409070462878876537 -0.0154794742030720141 -0.0939721602295651437 -0.102030776891425395 -0.00484883491169665632 0.0677081118034552482 -0.0549658249270868274 -0.010641415276644384 -0.0145234858152081536 -0.00967581038978982018
-0.151861171042948773 -0.0809770143183974056 0.0128262404019679963 0.0126778314731544398 0.0459417867123529874 0.00971515588688100923 -0.170420357055068528 0.0800843639339451213 0.0114859285149177693 0.114816583062472 -0.0736912329773499741 -0.0182470294630154642
0.0372320889338610822 0.125178769408520102 0.134852179065857419 -0.0226985393743539543 -0.0187978534444134156 -0.0495342472861737479 0.0133531691874285291 -0.13795655170776322 0.138602638158082769 0.0323676789818567526 0.0871481919092835927 0.0569549193099802079
0.0741430575336069903 0.0640838983391651407 0.0101552835434868954 -0.204099307659905721 -0.128941351873198967 -0.00325269834013600318 -0.00120641406306080837 -0.0309065890640241835 -0.00512251323010676999 0.159338208379497387 -0.22885198636636539 -0.0829195629186011141
-0.00196210576196560261 -0.0500618193478226461 -0.0919312358112439471 0.0022918132864721422 0.132398196370814847 0.186332329139609149 0.010047893963977263 -0.00368850502803974491 -0.0524417876525807222 0.0472796287123616044 0.166349859925195825 0.123674007340027509
-0.0202511211385793394 -0.0273296123928296227 -0.0198758730735122298 0.105047841497934488 0.114750771729571724 0.0589836070003642438 -0.176877026464990622 0.16314664272894866 -0.0561544639053443012 0.0326164483817379044 -0.146854090113389318 -0.088381913401128262
-0.00665543212187758807 0.00149590030791550374 0.0181747053205564175 0.0450299402843851726 -0.0127630518832780333 -0.101568457925604247 -0.156452335213105836 -0.042335515203143971 0.209551187523979748 -0.168578574462004444 0.0232818967054401228 -0.0683427514420107407
0 3 -1 2
-0.055477170664918557 -0.0542862875307875414 0.127782787783168872 0.0832982255897711799 0.0812818623889458025 0.0590509694116437417 0.0119454423648518021 -0.0217208550921686346
-0.172981145575182987 -0.126375415170554339 0.0317118219176281829 0.0608769797167314289 -0.161211266880600834 -0.151544478026993168 -0.0565639972741298139 0.131304395318095568
-0.0839319696079866007 -0.0837751711282989225 0.219497220184355524 0.15850046612288296 0.00972203679072140836 -0.0452994178944077786 0.0854954583425862474 -0.321215953981393076
-0.0257668432410793381 -0.029824618017582679 0.124767777268588551 0.115461988058075032 -0.175426716658139054 -0.17140446384857283 -0.0672574328072334388 0.157703860466814144
0 1 -1 2
-0.0575512450523228553 -0.0235274095416025397 0.151368029431310558 -0.0381860343114764356 0.0772883409584366882 -0.00323971238793877968 0.019667983034470541 -0.00851042608939115743
0.00227683270958685966 -0.0123129372579409199 -0.109096908773445467 0.14625062916717263 -0.0887540610363179161 0.0604895204962642916 -0.0369074428912472829 0.00255852501515017828
0.0424886725235012613 0.0239057119730839603 -0.0198341014120938033 -0.168802755463492105 0.00528485396735796972 -0.126658148033877038 0.0303590238004966331 0.0243447305799729743
0.19276335293271224 -0.0153327321283554946 -0.0716324892091845661 -0.0144873161847839729 0.198386913677602472 -0.00124864918804321046 0.0984465296261583661 -0.0566441456270733931
-0.121232154235240239 0.153370164081738869 -0.00781995832353661255 -0.0295728432511804876 -0.179431923234116719 0.141124268018903737 -0.160616050030976093 0.0182160264261507741
-0.0487645066636847591 -0.199280438156524992 0.0294326448640018466 0.00112113807888069347 -0.00241909001757272674 -0.238775309267347802 0.099302548334534918 0.132605022178149651
-0.12031663005503429 0.00191969447310988699 0.261144560577330487 -0.0184914810717571043 -0.0738136761011347897 0.00602262950349786996 0.170677312011415117 -0.191262539483954386
-0.059063045510004103 0.0898303856907677889 0.168225809360441181 -0.202968793287895133 -0.00961638714481331813 0.0603060542917708553 0.205263027688889738 -0.0500217862065445995
0.00828094733559479879 0.108817335568365564 -0.0207771223751492887 -0.288128733953314509 -0.0150292352471957658 0.00863131359270911946 0.100892504833571206 0.255362076005863248
-0.038515963926948095 -0.0117324447078891534 0.180660958724238707 0.0276098087275765368 -0.272127219173022072 -0.053097107469002397 0.0767744014005170838 0.167975856240350607
-0.012593308386388476 0.0117190210277360943 0.0768167048226639226 -0.0762795104547491776 -0.228503944151193628 0.157139917364215731 0.169731213040644702 0.0946825146817174973
0.00945447448334668823 -0.0253420387789789654 -0.0627721513741232306 0.156675779729224723 0.255368469967936496 -0.362765268373674732 -0.311265761335708102 -0.0023652479825475841
-1 2 -2 1
-0.0514387020590868077 -0.0949740134268329678 -0.0480319427873752355 -0.010147109355695386
0.0486259636013597479 0.121766404208559068 0.0901966996410730887 0.0233678692338844876
0.131777773442812302 0.059560567632954059 -0.12450774435664981 -0.0621366403172466317
-0.166507877651535158 -0.0280914119308053253 0.183572223424145253 0.132103954005487051
-0.0937783244352110301 -0.198699461228528468 0.0459173942257423209 -0.211333389642708203
0.0698192808805697951 0.185090323042927274 0.00834380658881643013 0.257838380360353558
0.0371130042837738011 0.166444382522186213 -0.2415103636322328 -0.148658564205787547
0.00583870780462213048 0.032081915862685384 -0.0695396574330198053 -0.0630429879565670981
snph
6
-2 1 -2 1
0.159422677135834162 0.39840789046348718 -0.0040876447766851759 0.00219094108642541724
0.39840789046348718 1.13573457915308129 -0.528004064653263105 0.0312053378372837975
-0.0040876447766851759 -0.528004064653263105 1.96502959113525799 -0.468907841357902533
0.00219094108642542418 0.031205337837283853 -0.468907841357902533 2.73981315257582514
-1 2 -1 2
0.0901595755936101945 0.090902365289546927 -0.257361188344342739 -0.141350899944448521 -0.0128209639254030679 0.00330191350585725156 0.000498272909371209969 0.00178780976582934526
0.090902365289546927 0.0921533056187648775 -0.2701753151970126 -0.139030387272081418 0.00891973141675208962 0.0194451557836048325 0.0017813854792178307 0.0014008767857268717
-0.257361188344342739 -0.2701753151970126 1.02957325561654867 0.0890740273075819183 -0.31658410783516866 -0.248091087545682071 -0.0112404307433754298 -0.0172042097508396073
-0.141350899944448521 -0.139030387272081418 0.0890740273075819183 1.11375262802913899 -0.295930673779593256 -0.221636943062721137 0.00101495811855990825 -0.0406446865185277201
-0.0128209639254030661 0.00891973141675208962 -0.31658410783516866 -0.295930673779593256 1.90730931000116022 -0.0177599710312540821 -0.12783445790520917 0.289793362493658835
0.00330191350585725156 0.019445155783604829 -0.248091087545682071 -0.221636943062721081 -0.0177599710312540821 2.04696941852935277 -0.156294992454471676 0.327402476679988785
0.000498272909371209969 0.0017813854792178307 -0.0112404307433754298 0.00101495811855990825 -0.127834457905209142 -0.156294992454471704 2.9538910827992404 0.10330913452111079
0.00178780976582934526 0.0014008767857268717 -0.0172042097508396628 -0.0406446865185277756 0.289793362493658946 0.327402476679988896 0.103309134521110679 2.76619142381218275
0 1 0 1
0.0561861115699396133 0.021284998372420337 0.0911884621502176834 -0.0659756807110917359 -0.215323216645756016 -0.00199860144628491703 -0.0269059586070977998 -0.00246430743200038794 0.00111491263097691896 -0.000224162807801768374 -0.0016234738562044158 0.000233614944209150987
0.021284998372420337 0.191323789306763442 -0.0111141779172358873 -0.369542341043159805 0.0202704965560560717 -0.211144378128414884 0.00531613916642969305 -0.00281142605186468801 0.00153243965718273035 -0.00334879182472802486 -0.000619707072351872155 -0.00214326128527864363
0.0911884621502176834 -0.0111141779172358873 0.162178334743998509 -0.0244313043767504096 -0.400105062495201169 0.0502104569922231583 0.0122899678483447301 -0.00609445043808943925 0.0395015080001295121 0.00050980264670526449 -0.00160638840678784629 0.000556108319410390968
-0.0659756807110917359 -0.369542341043159805 -0.0244313043767504096 0.955936968077320204 0.0290995280684917222 0.0835255074717733692 -0.0892013564169242129 0.305485561111854265 -0.00108054844556736205 0.0284050404239243291 0.00594597499519063794 0.00587124323879351616
-0.215323216645756016 0.0202704965560560717 -0.400105062495201169 0.0290995280684917292 1.12950241553712072 -0.00306295319044853779 -0.45407367219048056 -0.00541544227945636031 -0.311014709274737566 -0.00760011141200584404 0.0354725506830383605 -0.00570530517365810952
-0.0019986014462849166 -0.211144378128414884 0.0502104569922231583 0.0835255074717733692 -0.00306295319044854082 1.21532258698206652 -0.00943437349463724373 0.471965743404800631 0.0859856375796758665 -0.00145114458618819794 0.0162730239103234947 0.060850640387906621
-0.0269059586070977998 0.00531613916642969218 0.0122899678483447319 -0.0892013564169242129 -0.45407367219048056 -0.00943437349463723679 1.83675230268795664 -0.00890494800040638433 -0.0301399588619452145 0.0405008248906026727 -0.268903980319405822 0.0358169070814300036
-0.00246430743200038794 -0.00281142605186468887 -0.00609445043808943838 0.305485561111854265 -0.00541544227945634036 0.471965743404800575 -0.0089049480004064277 1.95434655201338026 -0.0189287720406667755 -0.338158675317457802 0.115725895662670664 0.349899999099138881
0.00111491263097691982 0.00153243965718273187 0.0395015080001295191 -0.0010805484455673523 -0.311014709274737566 0.0859856375796758665 -0.0301399588619451833 -0.0189287720406667234 2.09791649613546438 -0.0368163028202057457 -0.370708871302508292 0.155880413092529563
-0.000224162807801768971 -0.00334879182472802312 0.000509802646705263189 0.0284050404239243257 -0.00760011141200584404 -0.00145114458618819274 0.0405008248906026935 -0.338158675317457746 -0.0368163028202057249 2.86659558887920118 0.0445145929588667347 0.147680395032004974
-0.00162347385620441515 -0.000619707072351866842 -0.00160638840678784824 0.00594597499519061278 0.0354725506830383605 0.0162730239103234912 -0.268903980319405822 0.115725895662670497 -0.370708871302508181 0.044514592958866922 2.72537698239503934 0.0304275213185547407
0.000233614944209154023 -0.00214326128527864536 0.000556108319410398449 0.0058712432387935309 -0.00570530517365814942 0.060850640387906621 0.0358169070814299967 0.349899999099138936 0.155880413092529507 0.147680395032004946 0.0304275213185547753 2.80856187167175531
0 3 0 3
0 0 0 0
0 1 0 0
0 0 2 0
0 0 0 3
1 2 1 2
0.0689487037081282783 0.0879744122518956034 -0.203944273112216523 -0.155029002976431407 0.0138185775375719404 -0.000149663018185201141 0.00042042513535054879 -0.00161996334734237218
0.0879744122518956034 0.112799716952452306 -0.27249285858855915 -0.194658699166699561 -0.00153430525057820545 -0.0198632238115449486 0.00200947096136507367 -0.00151813840521013849
-0.203944273112216523 -0.27249285858855915 1.00655642966579961 0.0737680116527354157 0.233959647952819372 0.254647414762964375 -0.0129305578207373345 0.0121943639269781468
-0.155029002976431407 -0.194658699166699561 0.0737680116527354157 1.13706921959087404 0.292809372175193872 0.304760118004162361 -0.00472741183523664454 0.0412448963630156484
0.0138185775375719421 -0.00153430525057820719 0.233959647952819372 0.292809372175193872 1.9156564401630356 -0.0388060435558275629 0.0957972362781505937 0.234928501785829302
-0.000149663018185201141 -0.0198632238115449521 0.254647414762964375 0.304760118004162361 -0.0388060435558275629 2.04003757089871574 0.167117964030168764 0.375125184703926418
0.00042042513535054879 0.00200947096136507367 -0.0129305578207373276 -0.00472741183523663067 0.0957972362781505937 0.167117964030168764 2.95851819699935348 -0.0990312310742759716
-0.00161996334734237218 -0.00151813840521014543 0.0121943639269781468 0.0412448963630156484 0.234928501785829302 0.375125184703926418 -0.0990312310742759716 2.7604137220216316
2 1 2 1
0.159422677135834162 -0.39840789046348718 -0.00408764477668518283 -0.0021909410864254103
-0.39840789046348718 1.13573457915308107 0.528004064653262883 0.0312053378372837975
-0.00408764477668518283 0.528004064653262883 1.96502959113525844 0.468907841357902644
-0.00219094108642541724 0.0312053378372837975 0.468907841357902644 2.73981315257582514
sdispl
6
-2 1 -2 1
0.798336738946058277 0.996019726158717922 -0.0102191119417130161 0.00547735271606352575
0.996019726158717922 0.725152850968250551 -1.32001016163315654 0.0780133445932102432
-0.0102191119417130438 -1.32001016163315654 0.0886857466009560724 -1.17226960339475772
0.00547735271606356044 0.0780133445932101877 -1.17226960339475728 -1.61217533651526534
-1 2 -1 2
0.527112041443314916 0.41411628027856362 -0.959238568259826674 0.00952030302248747448 0.00502879782505488183 0.00341968705410576439 -0.00119144981766409965 0.00335736648399154397
0.414116280278563509 0.272066072314860741 -0.030960171459084404 -1.03474171901469103 0.014453274764422732 0.0080426763654353594 -0.00185332607787352835 0.00511998973515359699
-0.959238568259826896 -0.030960171459084404 0.498713487029628644 0.348037597445367664 -1.3057424980206207 -0.18758768429473141 0.0211316557246264379 -0.0485866266050344539
0.00952030302248750224 -1.03474171901469103 0.348037597445367664 0.216827854837247341 0.273539649292423193 -1.37830142726040705 0.033881352702111546 -0.0667449890820694391
0.00502879782505486796 0.0144532747644227529 -1.3057424980206207 0.273539649292423026 0.122302958118239991 0.0311433883885630161 -1.37452265254424399 0.526793166254403422
0.00341968705410573403 0.00804267636543531603 -0.187587684294731438 -1.37830142726040705 0.0311433883885629537 -0.0635491267174010527 1.01303686174867891 1.05969789727831754
-0.00119144981766411938 -0.00185332607787355892 0.0211316557246264136 0.0338813527021115252 -1.37452265254424377 1.01303686174867891 -0.0610595231682285813 0.442933243499470275
0.00335736648399155352 0.0051199897351536048 -0.0485866266050343221 -0.0667449890820693142 0.526793166254403311 1.05969789727831731 0.44293324349947033 -1.51241376385766202
0 1 0 1
0.129991174634453144 0.614129153777884906 0.0186950696969120263 -0.925256916157013332 0.012992850769434048 0.00097509420627428674 0.00133891292410402815 -0.00277404998378281671 0.000185602001680675716 0.00126617758884129089 -0.00103610531716812732 -0.00176995817481655671
0.614129153777884795 -0.040641772041000078 0.60058659336210074 -0.0267663186425209712 -0.981715243500104751 0.00924453803213067492 0.0141545080765178698 -0.000950541481140455987 0.00617111372583792166 0.000389997375285285107 -0.00545155337090690809 0.00126196501224032712
0.0186950696969120193 0.600586593362100851 -0.0872940038882570601 -0.0194612285812834421 -0.0242830359718939036 -1.0774918728689058 0.00372921451842786076 -0.0295128467772990434 -0.00301873847664054949 0.00492176900827525406 -0.00189852536963804595 -0.00724396500112268332
-0.925256916157013443 -0.0267663186425209573 -0.0194612285812834351 0.140123954643847332 0.552527719460377709 0.00815860602492476245 -1.29267789894847773 0.0368161424453485389 -0.0800687512849929395 -0.00729572703193826378 0.0338238948997889727 -0.00209911513983091847
0.0129928507694340566 -0.98171524350010464 -0.0242830359718939001 0.552527719460377598 -0.0533465461635555527 0.478262563345126623 0.0388758307744920192 1.30803873377657642 0.0467453135205760026 -0.0589728646816067986 0.022267000448793102 0.0614770596453858981
0.000975094206274280994 0.00924453803213066971 -1.07749187286890558 0.00815860602492469826 0.478262563345126568 -0.0875537806519843254 0.17891284901919749 0.0729978816719170087 -1.39401726443311902 -0.000157562467483048291 0.103615411861549822 -0.0336964962226951048
0.00133891292410398544 0.0141545080765178178 0.00372921451842787334 -1.29267789894847795 0.0388758307744920747 0.178912849019197406 0.0364069365277702589 -0.158162721055382538 -0.0347195352185548159 1.46301723810992201 -0.165710952979569448 -0.254225194515614039
-0.00277404998378279373 -0.000950541481140463902 -0.0295128467772990122 0.0368161424453484834 1.30803873377657687 0.072997881671916981 -0.158162721055382566 -0.0593801109373181327 0.0926090717147744213 0.232256171551549567 1.09807586142400559 -0.19908199917638647
0.000185602001680646849 0.00617111372583789477 -0.00301873847664058158 -0.0800687512849929117 0.046745313520576065 -1.39401726443311946 -0.0347195352185548159 0.0926090717147743797 0.0232344815998389229 -0.77691130848641865 -0.212508355438781327 -1.15772892928793825
0.00126617758884129002 0.000389997375285278873 0.004921769008275261 -0.00729572703193833924 -0.0589728646816068403 -0.000157562467483078242 1.46301723810992224 0.232256171551549595 -0.776911308486418761 -0.033146682699888845 0.687520472800465909 -0.169472262426739267
-0.00103610531716812971 -0.00545155337090688034 -0.00189852536963801949 0.0338238948997889866 0.0222670004487930291 0.103615411861549822 -0.165710952979569365 1.09807586142400559 -0.212508355438781327 0.68752047280046602 -0.778187130687332695 -1.27653239196835222
-0.00176995817481657796 0.00126196501224034923 -0.00724396500112266944 -0.00209911513983091066 0.0614770596453859397 -0.0336964962226950632 -0.254225194515614095 -0.199081999176386554 -1.15772892928793825 -0.169472262426739267 -1.27653239196835222 0.809793479663427185
0 3 0 3
0 1 0 0
1 0 1.41421356237309515 0
0 1.41421356237309515 0 1.73205080756887719
0 0 1.73205080756887719 0
1 2 1 2
-0.426278067950373152 -0.43200826410062998 0.958363349996663727 0.00556138149692617968 0.00341842320990714578 0.00326388799575874806 0.00089405909256094155 0.00285371885486707805
-0.432008264100630035 -0.371893618756734656 -0.00523767419421867705 1.03610202862333378 0.0128815758208300733 0.00979107565250619816 0.0016974578793752873 0.0053506121791745756
0.958363349996663727 -0.00523767419421867012 -0.394155470458975254 -0.374034737505414161 -1.31567013458214044 -0.202449785247652975 -0.0156951100814433607 -0.0402948501974496331
0.00556138149692622999 1.03610202862333378 -0.374034737505414216 -0.321663484715169923 0.306706586596423414 -1.36045516292883772 -0.0334249588169488604 -0.071821979703834582
0.00341842320990715445 0.0128815758208300525 -1.31567013458214044 0.306706586596423469 -0.105516086581202984 -0.0604283782763416211 -1.51012196112750918 -0.391564228361945155
0.00326388799575871857 0.00979107565250616346 -0.202449785247653058 -1.36045516292883772 -0.0604283782763416766 0.0465411574402824768 0.807989213314815879 -1.10713372552790101
0.000894059092560926805 0.00169745787937525955 -0.0156951100814433225 -0.0334249588169488743 -1.51012196112750918 0.807989213314815991 0.0357776098034439868 0.402331015819116455
0.00285371885486709886 0.00535061217917456866 -0.0402948501974496609 -0.071821979703834582 -0.39156422836194521 -1.10713372552790101 0.402331015819116511 1.53718796121872847
2 1 2 1
-0.798336738946058277 0.996019726158717922 0.0102191119417130299 0.00547735271606352575
0.996019726158717922 -0.725152850968250107 -1.32001016163315654 -0.0780133445932100211
0.0102191119417130577 -1.32001016163315654 -0.0886857466009562945 -1.17226960339475772
0.00547735271606350493 -0.0780133445932099656 -1.17226960339475728 1.61217533651526557
sdispl^2
6
-2 1 -2 1
1.62953127528996866 1.53134232236293255 -1.33024167588731657 0.0852247033685801514
1.53134232236293277 3.26641486091408062 -1.17590632832418174 1.48366374918017296
-1.33024167588731701 -1.17590632832418174 3.12461244175714148 1.68290615605831317
0.0852247033685802347 1.48366374918017319 1.68290615605831251 3.97944142203880613
-1 2 -1 2
1.36961833936258404 0.350919387437936381 -1.0009152054960051 -0.758874184433233845 1.26788667091409901 0.174242763203452972 -0.0232313473849263159 0.0505282245217229184
0.350919387437936325 1.3174644294898159 -0.801897685972827179 -0.520247949270310261 -0.229339353828279663 1.43908519609810304 -0.0460481638105086424 0.0809236415777716128
-1.00091520549600532 -0.801897685972827179 3.03390229202944717 0.177277739660258254 -0.781439933199159609 -0.635606735892424779 1.60545937219941792 -0.854639106618305555
-0.758874184433233734 -0.520247949270310039 0.177277739660258254 3.21906715285957201 -0.501245756533042153 -0.312728906832774933 -1.78728154791655536 -1.23717913816293379
1.26788667091409857 -0.229339353828279663 -0.781439933199159609 -0.501245756533042042 3.96277308340552903 -0.964316147981860161 0.162345731772596924 -1.26284495994154189
0.174242763203452777 1.43908519609810304 -0.635606735892424779 -0.312728906832774989 -0.964316147981859828 4.08919206149436576 0.249653243090220939 -1.10376910814512086
-0.0232313473849263125 -0.0460481638105086216 1.60545937219941814 -1.78728154791655514 0.16234573177259698 0.249653243090220911 3.11707367649017542 -0.350821350070439908
0.0505282245217229392 0.0809236415777715434 -0.854639106618305222 -1.23717913816293379 -1.26284495994154211 -1.10376910814512086 -0.35082135007044013 3.89090896486850824
0 1 0 1
1.25068728647106031 0.0781461797483865572 0.386383760674015364 -0.261429172894281248 -1.11689622566975211 -0.0160294754555781738 1.20863034656808477 -0.0190152926764315493 0.0780763034358419178 0.00719616788832184821 -0.0337947976128366787 0.0027893705770392907
0.078146179748386585 1.70434814425884906 -0.0508909699196513909 -1.1439438493227847 0.0748257574736862635 -1.1241965262829956 0.00218045291192794661 -1.31157982385329275 -0.059625912218294129 0.0735243406537841315 -0.0251635051444590793 -0.0687359412000880798
0.386383760674015309 -0.0508909699196514187 1.53160547741005848 -0.0623596858141836699 -1.15140177055052684 0.184962605278453707 -0.146098314717227895 -0.107797091980322737 1.50847211657360991 0.00227794597755152147 -0.134246927410369116 0.0403584943113883959
-0.261429172894281414 -1.1439438493227847 -0.0623596858141836768 2.86216797590756977 0.0617911685400806265 0.171106478926702471 -0.225736313296698021 0.962365386188955174 0.0502979421411934233 -1.83148625978895407 0.262024949046166022 0.405502636068457434
-1.11689622566975255 0.0748257574736861525 -1.15140177055052684 0.0617911685400807167 3.22380594413947241 -0.00825695314378153272 -0.957403613670461007 -0.093887559922541497 -0.628639139955043946 0.329757853942721557 1.35604009317147511 -0.314696306417860838
-0.0160294754555781807 -1.1241965262829956 0.184962605278453762 0.171106478926702582 -0.00825695314378174609 3.39003671931606387 0.0230293972708158004 0.610002189379544979 0.1323385685157141 1.40513956148083863 0.312871616622678039 1.43449902663187157
1.20863034656808477 0.00218045291192790237 -0.146098314717227756 -0.225736313296698021 -0.957403613670461229 0.0230293972708158559 3.96480970397550925 0.225054110395303819 -0.967824729772294501 -0.0687002289589756787 1.26260037091964006 -0.180784552748649768
-0.0190152926764315666 -1.31157982385329297 -0.107797091980322571 0.962365386188955063 -0.093887559922541497 0.610002189379544979 0.225054110395303986 3.05499410827265727 -0.224646567236637368 0.386286738895187942 -0.461368626158909834 -1.57939660984932972
0.07807630343584189 -0.0596259122182941706 1.50847211657360947 0.0502979421411933816 -0.628639139955044057 0.132338568515714183 -0.967824729772294723 -0.224646567236637312 3.95133647620123085 0.0265486306622045171 1.0654778531640634 -0.521047409470472678
0.0071961678883218378 0.0735243406537841176 0.00227794597755152668 -1.83148625978895363 0.329757853942721613 1.40513956148083841 -0.0687002289589756787 0.386286738895188109 0.0265486306622045171 3.30401453065188733 -0.16536374176488014 -0.531625667511237299
-0.0337947976128365746 -0.0251635051444590932 -0.13424692741036906 0.262024949046166133 1.35604009317147556 0.312871616622677984 1.26260037091963961 -0.461368626158909501 1.0654778531640634 -0.165363741764880112 3.998595503239744 -0.0894992057529531843
0.00278937057703934578 -0.0687359412000881492 0.0403584943113884514 0.405502636068457767 -0.314696306417861005 1.43449902663187179 -0.180784552748649768 -1.57939660984932972 -0.521047409470472789 -0.531625667511237188 -0.0894992057529532259 3.76359813015591227
0 3 0 3
1 0 1.41421356237309515 0
0 3 0 2.44948974278317788
1.41421356237309515 0 5 0
0 2.44948974278317788 0 3
1 2 1 2
1.28686665268277989 0.345652106915125823 -0.791378178929491027 -0.813852175166117964 -1.26923195397305011 -0.209699336962013039 -0.0176868636027541874 -0.0427502062427015453
0.345652106915125823 1.39876416144357751 -0.816719071630103821 -0.728849896838615119 0.311793656108716344 -1.41843629357127599 -0.0448951952418946143 -0.0844026940090042976
-0.79137817892949136 -0.816719071630103821 2.98759209361238387 0.142962038174674955 0.597605913656775511 0.693742761493480131 1.82600807150853117 0.716506183555634779
-0.813852175166117853 -0.728849896838615119 0.142962038174674844 3.26809053018324569 0.535261964886407204 0.494153296083540972 -1.57410370720832993 1.30599251758630852
-1.26923195397305011 0.311793656108716233 0.597605913656775622 0.535261964886407093 4.27381056974668994 -0.933850674326692998 -0.090627451491015476 -1.07019296364250849
-0.209699336962012844 -1.41843629357127621 0.693742761493480131 0.494153296083540861 -0.933850674326692554 3.77634000728521224 -0.23899717183663427 -1.29872923775693461
-0.0176868636027541631 -0.0448951952418945865 1.82600807150853162 -1.57410370720833059 -0.0906274514910155038 -0.238997171836634215 3.09783243502327821 0.332655181210987361
-0.0427502062427015939 -0.0844026940090043531 0.716506183555634779 1.30599251758630874 -1.07019296364250849 -1.29872923775693483 0.332655181210987361 3.91070355002282
2 1 2 1
1.62953127528996866 -1.53134232236293255 -1.33024167588731657 -0.0852247033685800404
-1.53134232236293255 3.26641486091408018 1.17590632832418152 1.48366374918017319
-1.33024167588731701 1.17590632832418152 3.12461244175714148 -1.68290615605831251
-0.0852247033685801236 1.48366374918017341 -1.68290615605831273 3.97944142203880702
sSigmaHd
6
-2 1 -2 1
0.159667347789211655 0.19920394523174359 -0.00204382238834261961 0.0010954705432126878
0.199203945231743618 0.145030570193650121 -0.264002032326631331 0.0156026689186419959
-0.0020438223883426053 -0.264002032326631331 0.0177371493201912145 -0.234453920678951433
0.00109547054321270515 0.0156026689186420653 -0.234453920678951488 -0.322435067303053047
-1 2 -1 2
0.122427938978444686 0.0593453284383872459 -0.194883902828547145 0.00266987220190602684 0.00110474554607256983 0.000442914733302226973 -0.000288597134293461905 0.000677966210638681092
0.0593453284383872459 0.087327353699333643 -0.00480488206872125428 -0.20400146563049984 0.00362675082389667027 0.00163124083674196147 -0.000405944546444723497 0.000986111475206822479
-0.194883902828547201 -0.00480488206872124821 0.116065968547846218 0.0467132598369619997 -0.264887670488957783 -0.0369740427416635625 0.00456156983539006498 -0.0095290554138432737
0.00266987220190601253 -0.20400146563049984 0.0467132598369620067 0.0770531509686433608 0.0557182771958020379 -0.271862343944026419 0.00753600830602707723 -0.013642097501704066
0.00110474554607257179 0.00362675082389666333 -0.264887670488957727 0.0557182771958020587 0.0483618138148131232 -0.0182079292454745481 -0.278063550398839676 0.106412998813347898
0.000442914733302233641 0.00163124083674195302 -0.0369740427416635695 -0.271862343944026419 -0.018207929245474555 0.0136085920985398769 0.200580250324411208 0.209251375446136617
-0.000288597134293457893 -0.000405944546444724635 0.00456156983539006064 0.00753600830602707897 -0.278063550398839676 0.20058025032441118 0.0337605797257580012 0.101639346027610072
0.000677966210638680116 0.00098611147520682443 -0.00952905541384327544 -0.0136420975017040799 0.106412998813347884 0.209251375446136645 0.101639346027610072 -0.29860539783337875
0 1 0 1
0.0678630923479152798 0.087022349445351227 0.00296664034833367873 -0.190970572080918416 0.00319227486676197528 0.000639915240155643108 0.000326009771852282001 -0.000280329324639804736 3.50621154373121114e-05 0.00034652804583402329 -0.000208303039456906344 -0.000366394038564635889
0.0870223494453512408 0.0444011457087471681 0.0864987950083468682 -0.00461257346744554757 -0.197222959784517898 0.00220363509209985315 0.00379156446123666722 -0.000155506473647689183 0.000889530426831454976 7.35995817105390704e-05 -0.00107439560365526067 0.000254562593763954677
0.00296664034833368437 0.0864987950083468543 0.0380107263617116622 -0.00243407978814668509 -0.00405581131672218525 -0.209027516117617773 0.000802058287985125571 -0.00698887759355253622 -0.000698179617281923111 0.00108435211547905255 -0.000359108780623083824 -0.00137884557410761005
-0.190970572080918471 -0.00461257346744553976 -0.00243407978814668465 0.0686291530384090381 0.075089230705880361 0.000830962996310699608 -0.265894426538528406 0.00674801394745602745 -0.0159320849711656609 -0.00161300120399939656 0.00643491429541785936 -0.000341088527335814255
0.00319227486676198135 -0.197222959784517898 -0.00405581131672217397 0.0750892307058803471 0.0423704560376263265 0.0629080837963176681 0.00893035779985953439 0.262004620548200839 0.00993763464070532461 -0.013226413968742249 0.00451005175285008279 0.0121974467263237813
0.000639915240155646686 0.00220363509209986052 -0.209027516117617745 0.000830962996310699391 0.0629080837963176681 0.0387978606202472112 0.0363144569264689104 0.0133667581455599541 -0.271090152671214224 0.000113767431701878614 0.0214361602666710109 -0.00693451110244762328
0.000326009771852272894 0.00379156446123666939 0.000802058287985125138 -0.26589442653852835 0.00893035779985952745 0.0363144569264689104 0.0498556796145671263 0.00162022287389670429 -0.00658445082987198227 0.299222967749132984 -0.0334607572429741762 -0.0524245008680767483
-0.000280329324639801429 -0.000155506473647680482 -0.00698887759355252755 0.00674801394745603092 0.262004620548200895 0.0133667581455599437 0.00162022287389670971 0.0365869616910816306 0.0531257494202222874 0.0470410312285472823 0.21852542921187762 -0.040322885259288857
3.50621154373074832e-05 0.0008895304268314643 -0.000698179617281924846 -0.0159320849711656505 0.00993763464070532287 -0.271090152671214168 -0.00658445082987198487 0.0531257494202223152 0.0636502828408725269 -0.151275657147625614 -0.0410089932665512469 -0.226536435023212884
0.000346528045834026543 7.35995817105442068e-05 0.00108435211547905017 -0.00161300120399940241 -0.0132264139687422611 0.00011376743170188226 0.29922296774913304 0.0470410312285472892 -0.151275657147625586 0.0422994302980232925 0.158073111350108708 -0.0386003607479675007
-0.00020830303945690816 -0.00107439560365525546 -0.000359108780623089245 0.00643491429541784721 0.00451005175285007585 0.0214361602666710317 -0.0334607572429741762 0.21852542921187762 -0.0410089932665512469 0.15807311135010868 -0.128886331819957206 -0.293457951298272457
-0.000366394038564634371 0.000254562593763955978 -0.00137884557410760875 -0.000341088527335819405 0.0121974467263237865 -0.00693451110244762414 -0.0524245008680767274 -0.0403228852592888432 -0.226536435023212857 -0.0386003607479675007 -0.293457951298272401 0.236421543260756178
0 3 0 3
0.0500000000000000028 0.200000000000000011 0 0
0.200000000000000011 0.0500000000000000028 0.282842712474619062 0
0 0.282842712474619062 0.0500000000000000028 0.346410161513775461
0 0 0.346410161513775461 0.0500000000000000028
1 2 1 2
-0.00857681098150653125 -0.0616634123518698604 0.194853832446226949 0.000974443983398088731 0.000748499486917622884 0.000416725681146516095 0.000226145554357038434 0.000581974117016632354
-0.0616634123518698674 -0.00104298333169054887 -0.00130334298728756277 0.204116553980885462 0.0033098533451955338 0.00205508236182044357 0.000379841028062156017 0.00103440792952420521
0.194853832446227004 -0.00130334298728755366 -0.00241002055786264553 -0.0503557441018671198 -0.266963665223958924 -0.0408910050308840742 -0.00338548780600505302 -0.00784389892650019099
0.000974443983398102283 0.204116553980885435 -0.0503557441018670851 0.00920824930536469355 0.0608314062464782035 -0.268301305412505076 -0.00749608715313236293 -0.0146418918942837623
0.000748499486917623101 0.00330985334519553944 -0.266963665223958868 0.0608314062464782174 0.0468741917501326738 0.0113634720875884013 -0.304905202055932301 -0.0797457459960982384
0.000416725681146506988 0.00205508236182043447 -0.0408910050308840881 -0.26830130541250502 0.011363472087588436 0.0911339956983123201 0.158702780302049151 -0.219065166881917711
0.000226145554357038651 0.000379841028062152981 -0.00338548780600505389 -0.00749608715313236293 -0.304905202055932301 0.158702780302049179 0.0603645975245249086 0.0919880377046899123
0.000581974117016638426 0.00103440792952420174 -0.00784389892650021181 -0.0146418918942837761 -0.0797457459960982107 -0.219065166881917711 0.0919880377046899123 0.404448780592724821
2 1 2 1
-0.0596673477892117124 0.199203945231743618 0.00204382238834261223 0.00109547054321269301
0.199203945231743618 -0.0450305701936500949 -0.264002032326631386 -0.0156026689186419681
0.00204382238834259836 -0.264002032326631331 0.0822628506798087633 -0.234453920678951488
0.00109547054321270515 -0.0156026689186419959 -0.234453920678951488 0.422435067303053136
z
24
0.4722328021109161
0.2557283998390164
0.1332084596214436
0.06736434899992406
0.03378021280456334
0.01690245706597741
0.008452775369247297
0.004226581134517363
0.002113314747257192
0.001056660397508027
0.0005283305725631458
0.0002641653342955282
0.0001320826689708394
6.604133600102849e-05
3.302066401129337e-05
1.651033279471816e-05
8.255162317321432e-06
4.127581936379151e-06
2.063786886734184e-06
1.03189422090461e-06
5.159430289796119e-07
2.579722920103672e-07
1.289820645516547e-07
6.449180973960639e-08
3.224182349431066e-08
24
0
0
0
0
0
0
0
0
0
0
0
0
0
0
0
0
0
0
0
0
0
0
0
0
0
