-3 3.39210498622e-07
-2.72727272727 1.00553387029e-06
-2.47933884298 2.6325012228e-06
-2.2539444027 6.3925162462e-06
-2.0490403661 1.53340105421e-05
-1.86276396918 3.74175347488e-05
-1.69342179016 8.95035068162e-05
-1.53947435469 0.000196428984374
-1.39952214063 0.000376992105907
-1.27229285512 0.000623118596598
-1.15662986829 0.000911159057897
-1.05148169844 0.00129939284598
-0.955892453131 0.00211463041108
-0.86899313921 0.00410865574457
-0.789993762918 0.00832649238206
-0.718176148107 0.0154221318303
-0.65288740737 0.02456681284
-0.5935340067 0.0329057782662
-0.539576369728 0.0367244952275
-0.49052397248 0.0339960757952
-0.445930884072 0.0260381506773
-0.405391712793 0.0164902378467
-0.368537920721 0.00866793829795
-0.335034473383 0.00387438686563
-0.304576793984 0.00171984738757
-0.276887994531 0.00147956398433
-0.251716358665 0.00340206705962
-0.228833053332 0.00978399559318
-0.208030048483 0.0254791316714
-0.189118225894 0.0561066354981
-0.171925659904 0.102365761117
-0.156296054458 0.15357419757
-0.142087322234 0.188935047526
-0.12917029294 0.190540364708
-0.117427539037 0.157812743879
-0.106752308215 0.107994616892
-0.0970475529228 0.0621400280806
-0.0882250481117 0.0316601974199
-0.0802045891924 0.0165138096897
-0.0729132629022 0.0120537769072
-0.0662847844565 0.0168486077782
-0.0602588949605 0.0387795970069
-0.0547808136004 0.0987869490569
-0.0498007396368 0.225807984555
-0.0452733996698 0.433390239936
-0.0411576360634 0.685467101862
-0.037416032785 0.888581892865
-0.034014575259 0.942470036731
-0.0309223411446 0.817421112612
-0.0281112192224 0.579652254081
-0.0255556538385 0.336139644773
-0.0232324125805 0.159611098604
-0.0211203750731 0.0626899814257
-0.0192003409756 0.0229855990292
-0.0174548554323 0.018706695122
-0.015868050393 0.0507211414499
-0.0144255003573 0.15223025743
-0.0131140912339 0.383274355895
-0.0119219011217 0.790952220302
-0.0108380919289 1.33477073318
-0.00985281084442 1.84117122047
-0.00895710076765 2.07567251449
-0.00814281887968 1.91240870336
-0.0074025626179 1.43996805124
-0.0067296023799 0.886092075495
-0.00611782034537 0.445663819021
-0.00556165485943 0.18347232027
-0.0050560498722 0.0633335768801
-0.00459640897473 0.0257852731515
-0.00417855361339 0.0403270913713
-0.00379868510308 0.124095016784
-0.00345335009371 0.341198154327
-0.0031394091761 0.770794171058
-0.00285400834191 1.42354893122
-0.0025945530381 2.14865881793
-0.00235868458009 2.65038963373
-0.00214425870917 2.67175707889
-0.00194932609925 2.20104706665
-0.00177211463568 1.4818637164
-0.00161101330516 0.815345613725
-0.00146455755015 0.366727483413
-0.00133141595468 0.135478166759
-0.00121037814062 0.0446863089272
-0.0011003437642 0.029325673399
-0.00100031251291 0.0748018731186
-0.000909375011735 0.223749343124
-0.000826704556123 0.56035368963
-0.000751549596476 1.14835748756
-0.000683226905887 1.92337710114
-0.000621115368988 2.63266095233
-0.000564650335444 2.94487957533
-0.000513318486767 2.69205010709
-0.000466653169788 2.01114359957
-0.000424230154353 1.22786384199
-0.000385663776684 0.612672880598
-0.000350603433349 0.250088119264
-0.000318730393954 0.0849953077371
-0.000289754903595 0.0316215096019
-0.000263413548722 0.0424889280113
-0.000239466862475 0.128944134153
-0.000217697147704 0.357894117361
-0.000197906497913 0.817038810958
-0.000179914998103 1.52487485414
-0.000163559089184 2.32589404147
-0.000148690081077 2.89937686116
-0.000135172800979 2.95380181423
-0.000122884364526 2.45937496138
-0.00011171305866 1.67356337848
-0.000101557326055 0.930784453825
-9.23248418679e-05 0.489456683071
-8.39316744254e-05 0.504228873378
-7.63015222049e-05 0.759245797609
-6.93650201863e-05 1.00749163568
-6.30591092603e-05 1.15405799447
-5.73264629639e-05 1.21106528857
-5.21149663308e-05 1.21908078203
-4.73772421189e-05 1.20933425513
-4.30702201081e-05 1.19693903259
-3.91547455528e-05 1.18634271863
-3.55952232298e-05 1.17790072544
-3.23592938453e-05 1.17121319364
-2.94175398594e-05 1.16593208941
-2.6743218054e-05 1.16179252887
-2.43120164127e-05 1.15857921465
-2.21018331024e-05 1.15611391397
-2.00925755477e-05 1.15424958403
-1.82659777706e-05 1.15286559085
-1.66054343369e-05 1.1518634405
-1.50958493972e-05 1.15116304467
-1.3723499452e-05 1.15069951882
-1.24759085927e-05 1.15042047579
-1.13417350843e-05 1.15028376114
-1.03106682585e-05 1.15025557202
1.03106682585e-05 1.16781267026
1.13417350843e-05 1.16952558182
1.24759085927e-05 1.17149201776
1.3723499452e-05 1.17375252636
1.50958493972e-05 1.17635412546
1.66054343369e-05 1.17935115623
1.82659777706e-05 1.1828061449
2.00925755477e-05 1.18679060686
2.21018331024e-05 1.19138568435
2.43120164127e-05 1.19668244524
2.6743218054e-05 1.20278157861
2.94175398594e-05 1.20979214477
3.23592938453e-05 1.21782924558
3.55952232298e-05 1.22701001554
3.91547455528e-05 1.2374264367
4.30702201081e-05 1.24893957656
4.73772421189e-05 1.2602420799
5.21149663308e-05 1.26607772188
5.73264629639e-05 1.25177355982
6.30591092603e-05 1.18899990567
6.93650201863e-05 1.05326428747
7.63015222049e-05 0.900330290597
8.39316744254e-05 0.962284018001
9.23248418679e-05 1.50201847374
0.000101557326055 2.32491381589
0.00011171305866 2.92025341098
0.000122884364526 2.99768223276
0.000135172800979 2.51476817536
0.000148690081077 1.7240721827
0.000163559089184 0.965963532952
0.000179914998103 0.442373396204
0.000197906497913 0.166135447903
0.000217697147704 0.0542870762766
0.000239466862475 0.0299396841035
0.000263413548722 0.0690060793155
0.000289754903595 0.208943868754
0.000318730393954 0.534980062715
0.000350603433349 1.12147531648
0.000385663776684 1.92142216256
0.000424230154353 2.69026551543
0.000466653169788 3.07824959583
0.000513318486767 2.87838036578
0.000564650335444 2.19951968745
0.000621115368988 1.37354717581
0.000683226905887 0.700991769342
0.000751549596476 0.292590545267
0.000826704556123 0.101268293403
0.000909375011735 0.0362673054639
0.00100031251291 0.0425981425336
0.0011003437642 0.127524427017
0.00121037814062 0.359798055244
0.00133141595468 0.836515248601
0.00146455755015 1.59008691645
0.00161101330516 2.47009406766
0.00177211463568 3.13574577208
0.00194932609925 3.25313543262
0.00214425870917 2.7580222233
0.00235868458009 1.91086337911
0.0025945530381 1.08195537131
0.00285400834191 0.500804740062
0.0031394091761 0.190418134848
0.00345335009371 0.064491437405
0.00379868510308 0.0420438949578
0.00417855361339 0.105569834898
0.00459640897473 0.31648339098
0.0050560498722 0.796668706439
0.00556165485943 1.64177577103
0.00611782034537 2.76549226699
0.0067296023799 3.80707465197
0.0074025626179 4.28313464045
0.00814281887968 3.93813764979
0.00895710076765 2.95948735313
0.00985281084442 1.8185248991
0.0108380919289 0.91651168789
0.0119219011217 0.391269156013
0.0131140912339 0.194547231454
0.0144255003573 0.289625190419
0.015868050393 0.812265385614
0.0174548554323 2.10871366306
0.0192003409756 4.54335844977
0.0211203750731 8.03784218147
0.0232324125805 11.6735872775
0.0255556538385 13.982131876
0.0281112192224 14.0338133255
0.0309223411446 12.3868822749
0.034014575259 10.815076104
0.037416032785 10.9399688564
0.0411576360634 12.9748092113
0.0452733996698 15.5762993393
0.0498007396368 16.8445362383
0.0547808136004 15.6863850146
0.0602588949605 12.479921089
0.0662847844565 8.56784844094
0.0729132629022 5.19424968523
0.0802045891924 2.88076701428
0.0882250481117 1.5399521433
0.0970475529228 0.87706488991
0.106752308215 0.632518262337
0.117427539037 0.612116615629
0.12917029294 0.657104632236
0.142087322234 0.651855159522
0.156296054458 0.554769347465
0.171925659904 0.397602169179
0.189118225894 0.240696308114
0.208030048483 0.124883667667
0.228833053332 0.0570158517754
0.251716358665 0.0243353125912
0.276887994531 0.0127350550415
0.304576793984 0.0159734412558
0.335034473383 0.0374426397081
0.368537920721 0.0871515383405
0.405391712793 0.172279423853
0.445930884072 0.28268025985
0.49052397248 0.383661047003
0.539576369728 0.430617765538
0.5935340067 0.400056900535
0.65288740737 0.308485083751
0.718176148107 0.199154315482
0.789993762918 0.110712124523
0.86899313921 0.0574994516632
0.955892453131 0.0326899606198
1.05148169844 0.0224894466863
1.15662986829 0.0167784566304
1.27229285512 0.0116641964831
1.39952214063 0.00707163787842
1.53947435469 0.0037298472021
1.69342179016 0.00176987385963
1.86276396918 0.00079354652887
2.0490403661 0.000346121783973
2.2539444027 0.000144153454732
2.47933884298 5.46155463872e-05
2.72727272727 1.80306712361e-05
3 5.06557810878e-06
