#               T           <Sz^2>              <Q>            <Q^2>              <E>            <E^2>                C                F                S 
 1.082021280666723 0.2499666907561373 -0.009205966596680867 0.9974353365897703 0.5778292269021063 0.5827708551851535 0.2488842397228677 -3.440955332006331 4.018784558908437 
 0.5410106403333613 0.3298468154090685 -0.01867705497739726 1.334974821487089 1.595608217843547 3.771537134260423 1.225571549410561 -3.175803280815154 4.771411498658702 
 0.2705053201666807 0.3472325209883411 -0.03830838193583427 1.440810722579044 1.540616662132498 4.772288276660575 2.398788577020296 -3.179945529701682 4.72056219183418 
 0.1352526600833403 0.3337413659830694 -0.07914346954941916 1.443331624687148 1.622545978627538 4.787557987324313 2.154902534563918 -2.626720624776434 4.249266603403973 
 0.06762633004167017 0.3218067359801197 -0.1652888847781907 1.497054191026011 1.461869265796383 4.096461378428599 1.959399628148544 -2.679067891508861 4.140937157305244 
 0.03381316502083508 0.2897138975433494 -0.3410518853501333 1.542815124387485 1.790976453316829 5.35975796620381 2.152161309868482 -2.086318528060207 3.877294981377037 
 0.01690658251041754 0.2594934333391367 -0.6150004467632618 1.636553692724212 1.474361053862067 4.672968731218021 2.499228214072757 -2.059576459650576 3.533937513512643 
 0.008453291255208771 0.2351116744501605 -0.8254416773991012 1.678508149600368 1.45300097648763 4.319458722451183 2.208246884777177 -1.564222746011123 3.017223722498753 
 0.004226645627604385 0.2340559029827869 -0.8685544375927623 1.69667373075517 1.089485281523911 3.023161349962101 1.836183171304865 -1.826757444211921 2.916242725735832 
 0.002113322813802193 0.2281809666314329 -0.8801515979153558 1.689198599221694 1.318414832923277 3.514206783356388 1.775989111684275 -1.502020021460615 2.820434854383892 
 0.001056661406901096 0.2320786216593971 -0.8736615017161666 1.692525231463027 1.067398251411915 2.90373382145784 1.764394794340626 -1.812010380229814 2.879408631641729 
 0.0005283307034505482 0.2271926491315551 -0.8815175418072567 1.686253631005143 1.309569169437955 3.469810478771649 1.754839069229234 -1.494280301011022 2.803849470448977 
 0.0002641653517252741 0.2316360148379793 -0.8738008811863719 1.690301301212473 1.064205598309018 2.892318331796172 1.759784776323918 -1.808818773221109 2.873024371530127 
 0.000132082675862637 0.2269535787699464 -0.8816370828030249 1.685199907580725 1.307472351233659 3.45922750183765 1.749743552597177 -1.492398694798857 2.799871046032517 
 6.604133793131852e-05 0.2315256405551108 -0.8737907196324274 1.68967012641231 1.063429586155552 2.889672031039574 1.758789546328604 -1.808023963483967 2.871453549639519 
 3.302066896565926e-05 0.2268940065032465 -0.8816538692169531 1.684914955644007 1.306948583321362 3.456571504518378 1.748456905072663 -1.49192946819785 2.798878051519211 
 1.651033448282963e-05 0.2314980513186923 -0.8737854034148136 1.689507476378517 1.063236304384003 2.889018234676887 1.758546795716734 -1.807825313869041 2.871061618253044 
 8.255167241414815e-06 0.2268791573099033 -0.8816572267581614 1.684842439541897 1.306817487582456 3.455905880403848 1.748133934552525 -1.491812651493102 2.798630139075558 
 4.127583620707408e-06 0.2314912136651255 -0.8737838508221433 1.689466657898167 1.063188314050872 2.888855575001202 1.758486183866866 -1.807775988586285 2.870964302637157 
 2.063791810353704e-06 0.2268755941084073 -0.881657923254315 1.684824656198016 1.306784364747416 3.45573763970409 1.748052263755782 -1.491785278318639 2.798569643066055 
 1.031895905176852e-06 0.2314897471500011 -0.8737832474993866 1.689457048553336 1.063177519311631 2.888816475124981 1.758470037555347 -1.807765026974789 2.87094254628642 
 5.159479525884259e-07 0.2268752983555626 -0.8816577266587166 1.684821936928903 1.306774711130795 3.455688567062903 1.748028421411931 -1.491785753103408 2.798560464234202 
 2.57973976294213e-07 0.2314903524114821 -0.8737822783988406 1.689457103779684 1.063179625279043 2.888812865336343 1.758461949727857 -1.807767766996935 2.870947392275978 
 1.289869881471065e-07 0.226877604508245 -0.8816562071884086 1.684828184841495 1.306766807210462 3.455648269238135 1.748008780811111 -1.491815143996794 2.798581951207256 
 6.449349407355324e-08 0.2314943913828884 -0.8737787656842303 1.689466952917736 1.063199369619559 2.888836615767777 1.75844371620835 -1.807790374660138 2.870989744279697 
