DIAG(1, 0, 0);
DIAG(2, 0, 0);
DIAG(3, 0, 0);
DIAG(4, 0, 0);
DIAG(5, 0, 0);
DIAG(6, 0, 0);
DIAG(7, 0, 0);
DIAG(8, 0, 1);
DIAG(9, 0, 1);
DIAG(10, 0, 0);
DIAG(11, 0, 0);
DIAG(12, 0, 0);
DIAG(13, 0, 1);
DIAG(14, 0, 0);
DIAG(15, 0, 0);
DIAG(16, 0, 1);
DIAG(17, 0, 0);
DIAG(18, 0, 1);
DIAG(19, 0, 2);
DIAG(20, 0, 0);
DIAG(21, 0, 0);
DIAG(22, 0, 0);
DIAG(23, 0, 0);
DIAG(24, 0, 0);
DIAG(25, 0, 0);
DIAG(26, 0, 1);
DIAG(27, 0, 1);
DIAG(28, 0, 1);
DIAG(29, 0, 0);
DIAG(30, 0, 0);
DIAG(31, 0, 0);
DIAG(32, 0, 1);
DIAG(33, 0, 1);
DIAG(34, 0, 1);
DIAG(35, 0, 1);
DIAG(36, 0, 1);
DIAG(37, 0, 1);
DIAG(38, 0, 0);
DIAG(39, 0, 0);
DIAG(40, 0, 0);
DIAG(41, 0, 0);
DIAG(42, 0, 1);
DIAG(43, 0, 1);
DIAG(44, 0, 0);
DIAG(45, 0, 0);
DIAG(46, 0, 0);
DIAG(47, 0, 0);
DIAG(48, 0, 1);
DIAG(49, 0, 1);
DIAG(50, 0, 0);
DIAG(51, 0, 0);
DIAG(52, 0, 1);
DIAG(53, 0, 1);
DIAG(54, 0, 2);
DIAG(55, 0, 2);
DIAG(56, 0, 0);
DIAG(57, 0, 0);
DIAG(58, 0, 1);
DIAG(59, 0, 1);
DIAG(60, 0, 1);
DIAG(61, 0, 1);
DIAG(62, 0, 0);
DIAG(63, 0, 0);
DIAG(64, 0, 1);
DIAG(65, 0, 1);
DIAG(66, 0, 0);
DIAG(67, 0, 0);
DIAG(68, 0, 1);
DIAG(69, 0, 1);
DIAG(70, 0, 2);
DIAG(71, 0, 2);
DIAG(72, 0, 1);
DIAG(73, 0, 1);
DIAG(74, 0, 1);
DIAG(75, 0, 1);
DIAG(76, 0, 2);
DIAG(77, 0, 2);
DIAG(78, 0, 0);
DIAG(79, 0, 0);
DIAG(80, 0, 0);
DIAG(81, 0, 0);
DIAG(82, 0, 1);
DIAG(83, 0, 1);
DIAG(84, 0, 1);
DIAG(85, 0, 1);
DIAG(86, 0, 1);
DIAG(87, 0, 1);
DIAG(88, 0, 1);
DIAG(89, 0, 1);
DIAG(90, 0, 1);
DIAG(91, 0, 1);
DIAG(92, 0, 1);
DIAG(93, 0, 1);
DIAG(94, 0, 0);
DIAG(95, 0, 0);
DIAG(96, 0, 1);
DIAG(97, 0, 0);
DIAG(98, 0, 1);
DIAG(99, 0, 2);
DIAG(100, 0, 0);
DIAG(101, 0, 1);
DIAG(102, 0, 0);
DIAG(103, 0, 1);
DIAG(104, 0, 2);
DIAG(105, 0, 1);
DIAG(106, 0, 1);
DIAG(107, 0, 2);
DIAG(108, 0, 0);
DIAG(109, 0, 1);
DIAG(110, 0, 2);
DIAG(111, 0, 1);
DIAG(112, 0, 2);
DIAG(113, 0, 2);
DIAG(114, 0, 0);
DIAG(115, 0, 0);
DIAG(116, 0, 0);
DIAG(117, 0, 1);
DIAG(118, 0, 1);
DIAG(119, 0, 1);
DIAG(120, 0, 1);
DIAG(121, 0, 1);
DIAG(122, 0, 1);
DIAG(123, 0, 0);
DIAG(124, 0, 0);
DIAG(125, 0, 0);
DIAG(126, 0, 1);
DIAG(127, 0, 1);
DIAG(128, 0, 1);
DIAG(129, 0, 0);
DIAG(130, 0, 0);
DIAG(131, 0, 0);
DIAG(132, 0, 1);
DIAG(133, 0, 1);
DIAG(134, 0, 1);
DIAG(135, 0, 2);
DIAG(136, 0, 2);
DIAG(137, 0, 2);
DIAG(138, 0, 1);
DIAG(139, 0, 1);
DIAG(140, 0, 1);
DIAG(141, 0, 1);
DIAG(142, 0, 1);
DIAG(143, 0, 1);
DIAG(144, 0, 2);
DIAG(145, 0, 2);
DIAG(146, 0, 2);
DIAG(147, 0, 1);
DIAG(148, 0, 1);
DIAG(149, 0, 1);
DIAG(150, 0, 1);
DIAG(151, 0, 1);
DIAG(152, 0, 1);
DIAG(153, 0, 1);
DIAG(154, 0, 1);
DIAG(155, 0, 1);
DIAG(156, 0, 2);
DIAG(157, 0, 2);
DIAG(158, 0, 2);
DIAG(159, 0, 1);
DIAG(160, 0, 1);
DIAG(161, 0, 1);
DIAG(162, 0, 1);
DIAG(163, 0, 1);
DIAG(164, 0, 0);
DIAG(165, 0, 0);
DIAG(166, 0, 1);
DIAG(167, 0, 1);
DIAG(168, 0, 0);
DIAG(169, 0, 0);
DIAG(170, 0, 1);
DIAG(171, 0, 1);
DIAG(172, 0, 2);
DIAG(173, 0, 2);
DIAG(174, 0, 1);
DIAG(175, 0, 1);
DIAG(176, 0, 1);
DIAG(177, 0, 1);
DIAG(178, 0, 2);
DIAG(179, 0, 2);
DIAG(180, 0, 0);
DIAG(181, 0, 0);
DIAG(182, 0, 1);
DIAG(183, 0, 1);
DIAG(184, 0, 2);
DIAG(185, 0, 2);
DIAG(186, 0, 1);
DIAG(187, 0, 1);
DIAG(188, 0, 2);
DIAG(189, 0, 2);
DIAG(190, 0, 2);
DIAG(191, 0, 2);
DIAG(192, 0, 1);
DIAG(193, 0, 1);
DIAG(194, 0, 1);
DIAG(195, 0, 1);
DIAG(196, 0, 2);
DIAG(197, 0, 2);
DIAG(198, 0, 1);
DIAG(199, 0, 1);
DIAG(200, 0, 2);
DIAG(201, 0, 2);
DIAG(202, 0, 2);
DIAG(203, 0, 2);
DIAG(204, 0, 1);
DIAG(205, 0, 1);
DIAG(206, 0, 1);
DIAG(207, 0, 1);
DIAG(208, 0, 1);
DIAG(209, 0, 1);
DIAG(210, 0, 1);
DIAG(211, 0, 1);
DIAG(212, 0, 1);
DIAG(213, 0, 1);
DIAG(214, 0, 1);
DIAG(215, 0, 1);
DIAG(216, 0, 2);
DIAG(217, 0, 2);
DIAG(218, 0, 2);
DIAG(219, 0, 2);
DIAG(220, 0, 0);
DIAG(221, 0, 1);
DIAG(222, 0, 2);
DIAG(223, 0, 1);
DIAG(224, 0, 2);
DIAG(225, 0, 2);
DIAG(226, 0, 1);
DIAG(227, 0, 2);
DIAG(228, 0, 2);
DIAG(229, 0, 2);
DIAG(230, 0, 1);
DIAG(231, 0, 1);
DIAG(232, 0, 1);
DIAG(233, 0, 1);
DIAG(234, 0, 1);
DIAG(235, 0, 1);
DIAG(236, 0, 2);
DIAG(237, 0, 2);
DIAG(238, 0, 2);
DIAG(239, 0, 1);
DIAG(240, 0, 1);
DIAG(241, 0, 1);
DIAG(242, 0, 2);
DIAG(243, 0, 2);
DIAG(244, 0, 2);
DIAG(245, 0, 2);
DIAG(246, 0, 2);
DIAG(247, 0, 2);
DIAG(248, 0, 1);
DIAG(249, 0, 1);
DIAG(250, 0, 2);
DIAG(251, 0, 2);
DIAG(252, 0, 2);
DIAG(253, 0, 2);
DIAG(254, 0, 2);
DIAG(255, 0, 2);
DIAG(256, 0, 2);
DIAG(1, 1, 0);
DIAG(2, 1, 0);
DIAG(3, 1, 0);
DIAG(4, 1, 0);
DIAG(5, 1, 0);
DIAG(6, 1, 1);
DIAG(7, 1, 1);
DIAG(8, 1, 0);
DIAG(9, 1, 0);
DIAG(10, 1, 0);
DIAG(11, 1, 0);
DIAG(12, 1, 1);
DIAG(13, 1, 0);
DIAG(14, 1, 0);
DIAG(15, 1, 1);
DIAG(16, 1, 0);
DIAG(17, 1, 2);
DIAG(18, 1, 1);
DIAG(19, 1, 0);
DIAG(20, 1, 0);
DIAG(21, 1, 0);
DIAG(22, 1, 0);
DIAG(23, 1, 1);
DIAG(24, 1, 1);
DIAG(25, 1, 1);
DIAG(26, 1, 0);
DIAG(27, 1, 0);
DIAG(28, 1, 0);
DIAG(29, 1, 1);
DIAG(30, 1, 1);
DIAG(31, 1, 1);
DIAG(32, 1, 0);
DIAG(33, 1, 0);
DIAG(34, 1, 0);
DIAG(35, 1, 1);
DIAG(36, 1, 1);
DIAG(37, 1, 1);
DIAG(38, 1, 0);
DIAG(39, 1, 0);
DIAG(40, 1, 1);
DIAG(41, 1, 1);
DIAG(42, 1, 0);
DIAG(43, 1, 0);
DIAG(44, 1, 0);
DIAG(45, 1, 0);
DIAG(46, 1, 1);
DIAG(47, 1, 1);
DIAG(48, 1, 0);
DIAG(49, 1, 0);
DIAG(50, 1, 2);
DIAG(51, 1, 2);
DIAG(52, 1, 1);
DIAG(53, 1, 1);
DIAG(54, 1, 0);
DIAG(55, 1, 0);
DIAG(56, 1, 1);
DIAG(57, 1, 1);
DIAG(58, 1, 0);
DIAG(59, 1, 0);
DIAG(60, 1, 1);
DIAG(61, 1, 1);
DIAG(62, 1, 1);
DIAG(63, 1, 1);
DIAG(64, 1, 0);
DIAG(65, 1, 0);
DIAG(66, 1, 2);
DIAG(67, 1, 2);
DIAG(68, 1, 1);
DIAG(69, 1, 1);
DIAG(70, 1, 0);
DIAG(71, 1, 0);
DIAG(72, 1, 1);
DIAG(73, 1, 1);
DIAG(74, 1, 2);
DIAG(75, 1, 2);
DIAG(76, 1, 1);
DIAG(77, 1, 1);
DIAG(78, 1, 1);
DIAG(79, 1, 1);
DIAG(80, 1, 1);
DIAG(81, 1, 1);
DIAG(82, 1, 0);
DIAG(83, 1, 0);
DIAG(84, 1, 0);
DIAG(85, 1, 0);
DIAG(86, 1, 1);
DIAG(87, 1, 1);
DIAG(88, 1, 1);
DIAG(89, 1, 1);
DIAG(90, 1, 1);
DIAG(91, 1, 1);
DIAG(92, 1, 1);
DIAG(93, 1, 1);
DIAG(94, 1, 0);
DIAG(95, 1, 1);
DIAG(96, 1, 0);
DIAG(97, 1, 2);
DIAG(98, 1, 1);
DIAG(99, 1, 0);
DIAG(100, 1, 1);
DIAG(101, 1, 0);
DIAG(102, 1, 2);
DIAG(103, 1, 1);
DIAG(104, 1, 0);
DIAG(105, 1, 1);
DIAG(106, 1, 2);
DIAG(107, 1, 1);
DIAG(108, 1, 2);
DIAG(109, 1, 1);
DIAG(110, 1, 0);
DIAG(111, 1, 2);
DIAG(112, 1, 1);
DIAG(113, 1, 2);
DIAG(114, 1, 1);
DIAG(115, 1, 1);
DIAG(116, 1, 1);
DIAG(117, 1, 0);
DIAG(118, 1, 0);
DIAG(119, 1, 0);
DIAG(120, 1, 1);
DIAG(121, 1, 1);
DIAG(122, 1, 1);
DIAG(123, 1, 1);
DIAG(124, 1, 1);
DIAG(125, 1, 1);
DIAG(126, 1, 0);
DIAG(127, 1, 0);
DIAG(128, 1, 0);
DIAG(129, 1, 2);
DIAG(130, 1, 2);
DIAG(131, 1, 2);
DIAG(132, 1, 1);
DIAG(133, 1, 1);
DIAG(134, 1, 1);
DIAG(135, 1, 0);
DIAG(136, 1, 0);
DIAG(137, 1, 0);
DIAG(138, 1, 1);
DIAG(139, 1, 1);
DIAG(140, 1, 1);
DIAG(141, 1, 2);
DIAG(142, 1, 2);
DIAG(143, 1, 2);
DIAG(144, 1, 1);
DIAG(145, 1, 1);
DIAG(146, 1, 1);
DIAG(147, 1, 1);
DIAG(148, 1, 1);
DIAG(149, 1, 1);
DIAG(150, 1, 1);
DIAG(151, 1, 1);
DIAG(152, 1, 1);
DIAG(153, 1, 2);
DIAG(154, 1, 2);
DIAG(155, 1, 2);
DIAG(156, 1, 1);
DIAG(157, 1, 1);
DIAG(158, 1, 1);
DIAG(159, 1, 1);
DIAG(160, 1, 1);
DIAG(161, 1, 1);
DIAG(162, 1, 1);
DIAG(163, 1, 1);
DIAG(164, 1, 1);
DIAG(165, 1, 1);
DIAG(166, 1, 0);
DIAG(167, 1, 0);
DIAG(168, 1, 2);
DIAG(169, 1, 2);
DIAG(170, 1, 1);
DIAG(171, 1, 1);
DIAG(172, 1, 0);
DIAG(173, 1, 0);
DIAG(174, 1, 1);
DIAG(175, 1, 1);
DIAG(176, 1, 2);
DIAG(177, 1, 2);
DIAG(178, 1, 1);
DIAG(179, 1, 1);
DIAG(180, 1, 2);
DIAG(181, 1, 2);
DIAG(182, 1, 1);
DIAG(183, 1, 1);
DIAG(184, 1, 0);
DIAG(185, 1, 0);
DIAG(186, 1, 2);
DIAG(187, 1, 2);
DIAG(188, 1, 1);
DIAG(189, 1, 1);
DIAG(190, 1, 2);
DIAG(191, 1, 2);
DIAG(192, 1, 1);
DIAG(193, 1, 1);
DIAG(194, 1, 2);
DIAG(195, 1, 2);
DIAG(196, 1, 1);
DIAG(197, 1, 1);
DIAG(198, 1, 2);
DIAG(199, 1, 2);
DIAG(200, 1, 1);
DIAG(201, 1, 1);
DIAG(202, 1, 2);
DIAG(203, 1, 2);
DIAG(204, 1, 1);
DIAG(205, 1, 1);
DIAG(206, 1, 1);
DIAG(207, 1, 1);
DIAG(208, 1, 1);
DIAG(209, 1, 1);
DIAG(210, 1, 1);
DIAG(211, 1, 1);
DIAG(212, 1, 2);
DIAG(213, 1, 2);
DIAG(214, 1, 2);
DIAG(215, 1, 2);
DIAG(216, 1, 1);
DIAG(217, 1, 1);
DIAG(218, 1, 1);
DIAG(219, 1, 1);
DIAG(220, 1, 2);
DIAG(221, 1, 1);
DIAG(222, 1, 0);
DIAG(223, 1, 2);
DIAG(224, 1, 1);
DIAG(225, 1, 2);
DIAG(226, 1, 2);
DIAG(227, 1, 1);
DIAG(228, 1, 2);
DIAG(229, 1, 2);
DIAG(230, 1, 1);
DIAG(231, 1, 1);
DIAG(232, 1, 1);
DIAG(233, 1, 2);
DIAG(234, 1, 2);
DIAG(235, 1, 2);
DIAG(236, 1, 1);
DIAG(237, 1, 1);
DIAG(238, 1, 1);
DIAG(239, 1, 2);
DIAG(240, 1, 2);
DIAG(241, 1, 2);
DIAG(242, 1, 1);
DIAG(243, 1, 1);
DIAG(244, 1, 1);
DIAG(245, 1, 2);
DIAG(246, 1, 2);
DIAG(247, 1, 2);
DIAG(248, 1, 2);
DIAG(249, 1, 2);
DIAG(250, 1, 1);
DIAG(251, 1, 1);
DIAG(252, 1, 2);
DIAG(253, 1, 2);
DIAG(254, 1, 2);
DIAG(255, 1, 2);
DIAG(256, 1, 2);
DIAG(1, 2, 0);
DIAG(2, 2, 0);
DIAG(3, 2, 0);
DIAG(4, 2, 1);
DIAG(5, 2, 1);
DIAG(6, 2, 0);
DIAG(7, 2, 0);
DIAG(8, 2, 0);
DIAG(9, 2, 0);
DIAG(10, 2, 0);
DIAG(11, 2, 1);
DIAG(12, 2, 0);
DIAG(13, 2, 0);
DIAG(14, 2, 2);
DIAG(15, 2, 1);
DIAG(16, 2, 1);
DIAG(17, 2, 0);
DIAG(18, 2, 0);
DIAG(19, 2, 0);
DIAG(20, 2, 1);
DIAG(21, 2, 1);
DIAG(22, 2, 1);
DIAG(23, 2, 0);
DIAG(24, 2, 0);
DIAG(25, 2, 0);
DIAG(26, 2, 0);
DIAG(27, 2, 0);
DIAG(28, 2, 0);
DIAG(29, 2, 1);
DIAG(30, 2, 1);
DIAG(31, 2, 1);
DIAG(32, 2, 1);
DIAG(33, 2, 1);
DIAG(34, 2, 1);
DIAG(35, 2, 0);
DIAG(36, 2, 0);
DIAG(37, 2, 0);
DIAG(38, 2, 1);
DIAG(39, 2, 1);
DIAG(40, 2, 0);
DIAG(41, 2, 0);
DIAG(42, 2, 0);
DIAG(43, 2, 0);
DIAG(44, 2, 2);
DIAG(45, 2, 2);
DIAG(46, 2, 1);
DIAG(47, 2, 1);
DIAG(48, 2, 1);
DIAG(49, 2, 1);
DIAG(50, 2, 0);
DIAG(51, 2, 0);
DIAG(52, 2, 0);
DIAG(53, 2, 0);
DIAG(54, 2, 0);
DIAG(55, 2, 0);
DIAG(56, 2, 1);
DIAG(57, 2, 1);
DIAG(58, 2, 1);
DIAG(59, 2, 1);
DIAG(60, 2, 0);
DIAG(61, 2, 0);
DIAG(62, 2, 2);
DIAG(63, 2, 2);
DIAG(64, 2, 2);
DIAG(65, 2, 2);
DIAG(66, 2, 1);
DIAG(67, 2, 1);
DIAG(68, 2, 1);
DIAG(69, 2, 1);
DIAG(70, 2, 1);
DIAG(71, 2, 1);
DIAG(72, 2, 1);
DIAG(73, 2, 1);
DIAG(74, 2, 0);
DIAG(75, 2, 0);
DIAG(76, 2, 0);
DIAG(77, 2, 0);
DIAG(78, 2, 1);
DIAG(79, 2, 1);
DIAG(80, 2, 1);
DIAG(81, 2, 1);
DIAG(82, 2, 1);
DIAG(83, 2, 1);
DIAG(84, 2, 1);
DIAG(85, 2, 1);
DIAG(86, 2, 0);
DIAG(87, 2, 0);
DIAG(88, 2, 0);
DIAG(89, 2, 0);
DIAG(90, 2, 1);
DIAG(91, 2, 1);
DIAG(92, 2, 1);
DIAG(93, 2, 1);
DIAG(94, 2, 2);
DIAG(95, 2, 1);
DIAG(96, 2, 1);
DIAG(97, 2, 0);
DIAG(98, 2, 0);
DIAG(99, 2, 0);
DIAG(100, 2, 2);
DIAG(101, 2, 2);
DIAG(102, 2, 1);
DIAG(103, 2, 1);
DIAG(104, 2, 1);
DIAG(105, 2, 1);
DIAG(106, 2, 0);
DIAG(107, 2, 0);
DIAG(108, 2, 2);
DIAG(109, 2, 2);
DIAG(110, 2, 2);
DIAG(111, 2, 1);
DIAG(112, 2, 1);
DIAG(113, 2, 0);
DIAG(114, 2, 1);
DIAG(115, 2, 1);
DIAG(116, 2, 1);
DIAG(117, 2, 1);
DIAG(118, 2, 1);
DIAG(119, 2, 1);
DIAG(120, 2, 0);
DIAG(121, 2, 0);
DIAG(122, 2, 0);
DIAG(123, 2, 2);
DIAG(124, 2, 2);
DIAG(125, 2, 2);
DIAG(126, 2, 2);
DIAG(127, 2, 2);
DIAG(128, 2, 2);
DIAG(129, 2, 1);
DIAG(130, 2, 1);
DIAG(131, 2, 1);
DIAG(132, 2, 1);
DIAG(133, 2, 1);
DIAG(134, 2, 1);
DIAG(135, 2, 1);
DIAG(136, 2, 1);
DIAG(137, 2, 1);
DIAG(138, 2, 1);
DIAG(139, 2, 1);
DIAG(140, 2, 1);
DIAG(141, 2, 0);
DIAG(142, 2, 0);
DIAG(143, 2, 0);
DIAG(144, 2, 0);
DIAG(145, 2, 0);
DIAG(146, 2, 0);
DIAG(147, 2, 1);
DIAG(148, 2, 1);
DIAG(149, 2, 1);
DIAG(150, 2, 2);
DIAG(151, 2, 2);
DIAG(152, 2, 2);
DIAG(153, 2, 1);
DIAG(154, 2, 1);
DIAG(155, 2, 1);
DIAG(156, 2, 1);
DIAG(157, 2, 1);
DIAG(158, 2, 1);
DIAG(159, 2, 1);
DIAG(160, 2, 1);
DIAG(161, 2, 1);
DIAG(162, 2, 1);
DIAG(163, 2, 1);
DIAG(164, 2, 2);
DIAG(165, 2, 2);
DIAG(166, 2, 2);
DIAG(167, 2, 2);
DIAG(168, 2, 1);
DIAG(169, 2, 1);
DIAG(170, 2, 1);
DIAG(171, 2, 1);
DIAG(172, 2, 1);
DIAG(173, 2, 1);
DIAG(174, 2, 1);
DIAG(175, 2, 1);
DIAG(176, 2, 0);
DIAG(177, 2, 0);
DIAG(178, 2, 0);
DIAG(179, 2, 0);
DIAG(180, 2, 2);
DIAG(181, 2, 2);
DIAG(182, 2, 2);
DIAG(183, 2, 2);
DIAG(184, 2, 2);
DIAG(185, 2, 2);
DIAG(186, 2, 1);
DIAG(187, 2, 1);
DIAG(188, 2, 1);
DIAG(189, 2, 1);
DIAG(190, 2, 0);
DIAG(191, 2, 0);
DIAG(192, 2, 2);
DIAG(193, 2, 2);
DIAG(194, 2, 1);
DIAG(195, 2, 1);
DIAG(196, 2, 1);
DIAG(197, 2, 1);
DIAG(198, 2, 2);
DIAG(199, 2, 2);
DIAG(200, 2, 2);
DIAG(201, 2, 2);
DIAG(202, 2, 1);
DIAG(203, 2, 1);
DIAG(204, 2, 1);
DIAG(205, 2, 1);
DIAG(206, 2, 1);
DIAG(207, 2, 1);
DIAG(208, 2, 2);
DIAG(209, 2, 2);
DIAG(210, 2, 2);
DIAG(211, 2, 2);
DIAG(212, 2, 1);
DIAG(213, 2, 1);
DIAG(214, 2, 1);
DIAG(215, 2, 1);
DIAG(216, 2, 1);
DIAG(217, 2, 1);
DIAG(218, 2, 1);
DIAG(219, 2, 1);
DIAG(220, 2, 2);
DIAG(221, 2, 2);
DIAG(222, 2, 2);
DIAG(223, 2, 1);
DIAG(224, 2, 1);
DIAG(225, 2, 0);
DIAG(226, 2, 2);
DIAG(227, 2, 2);
DIAG(228, 2, 1);
DIAG(229, 2, 2);
DIAG(230, 2, 2);
DIAG(231, 2, 2);
DIAG(232, 2, 2);
DIAG(233, 2, 1);
DIAG(234, 2, 1);
DIAG(235, 2, 1);
DIAG(236, 2, 1);
DIAG(237, 2, 1);
DIAG(238, 2, 1);
DIAG(239, 2, 2);
DIAG(240, 2, 2);
DIAG(241, 2, 2);
DIAG(242, 2, 2);
DIAG(243, 2, 2);
DIAG(244, 2, 2);
DIAG(245, 2, 1);
DIAG(246, 2, 1);
DIAG(247, 2, 1);
DIAG(248, 2, 2);
DIAG(249, 2, 2);
DIAG(250, 2, 2);
DIAG(251, 2, 2);
DIAG(252, 2, 1);
DIAG(253, 2, 1);
DIAG(254, 2, 2);
DIAG(255, 2, 2);
DIAG(256, 2, 2);
DIAG(1, 3, 0);
DIAG(2, 3, 1);
DIAG(3, 3, 1);
DIAG(4, 3, 0);
DIAG(5, 3, 0);
DIAG(6, 3, 0);
DIAG(7, 3, 0);
DIAG(8, 3, 0);
DIAG(9, 3, 0);
DIAG(10, 3, 2);
DIAG(11, 3, 1);
DIAG(12, 3, 1);
DIAG(13, 3, 1);
DIAG(14, 3, 0);
DIAG(15, 3, 0);
DIAG(16, 3, 0);
DIAG(17, 3, 0);
DIAG(18, 3, 0);
DIAG(19, 3, 0);
DIAG(20, 3, 1);
DIAG(21, 3, 1);
DIAG(22, 3, 1);
DIAG(23, 3, 1);
DIAG(24, 3, 1);
DIAG(25, 3, 1);
DIAG(26, 3, 1);
DIAG(27, 3, 1);
DIAG(28, 3, 1);
DIAG(29, 3, 0);
DIAG(30, 3, 0);
DIAG(31, 3, 0);
DIAG(32, 3, 0);
DIAG(33, 3, 0);
DIAG(34, 3, 0);
DIAG(35, 3, 0);
DIAG(36, 3, 0);
DIAG(37, 3, 0);
DIAG(38, 3, 2);
DIAG(39, 3, 2);
DIAG(40, 3, 2);
DIAG(41, 3, 2);
DIAG(42, 3, 2);
DIAG(43, 3, 2);
DIAG(44, 3, 1);
DIAG(45, 3, 1);
DIAG(46, 3, 1);
DIAG(47, 3, 1);
DIAG(48, 3, 1);
DIAG(49, 3, 1);
DIAG(50, 3, 1);
DIAG(51, 3, 1);
DIAG(52, 3, 1);
DIAG(53, 3, 1);
DIAG(54, 3, 1);
DIAG(55, 3, 1);
DIAG(56, 3, 1);
DIAG(57, 3, 1);
DIAG(58, 3, 1);
DIAG(59, 3, 1);
DIAG(60, 3, 1);
DIAG(61, 3, 1);
DIAG(62, 3, 0);
DIAG(63, 3, 0);
DIAG(64, 3, 0);
DIAG(65, 3, 0);
DIAG(66, 3, 0);
DIAG(67, 3, 0);
DIAG(68, 3, 0);
DIAG(69, 3, 0);
DIAG(70, 3, 0);
DIAG(71, 3, 0);
DIAG(72, 3, 0);
DIAG(73, 3, 0);
DIAG(74, 3, 0);
DIAG(75, 3, 0);
DIAG(76, 3, 0);
DIAG(77, 3, 0);
DIAG(78, 3, 1);
DIAG(79, 3, 1);
DIAG(80, 3, 1);
DIAG(81, 3, 1);
DIAG(82, 3, 1);
DIAG(83, 3, 1);
DIAG(84, 3, 1);
DIAG(85, 3, 1);
DIAG(86, 3, 1);
DIAG(87, 3, 1);
DIAG(88, 3, 1);
DIAG(89, 3, 1);
DIAG(90, 3, 0);
DIAG(91, 3, 0);
DIAG(92, 3, 0);
DIAG(93, 3, 0);
DIAG(94, 3, 2);
DIAG(95, 3, 2);
DIAG(96, 3, 2);
DIAG(97, 3, 2);
DIAG(98, 3, 2);
DIAG(99, 3, 2);
DIAG(100, 3, 1);
DIAG(101, 3, 1);
DIAG(102, 3, 1);
DIAG(103, 3, 1);
DIAG(104, 3, 1);
DIAG(105, 3, 1);
DIAG(106, 3, 1);
DIAG(107, 3, 1);
DIAG(108, 3, 0);
DIAG(109, 3, 0);
DIAG(110, 3, 0);
DIAG(111, 3, 0);
DIAG(112, 3, 0);
DIAG(113, 3, 0);
DIAG(114, 3, 2);
DIAG(115, 3, 2);
DIAG(116, 3, 2);
DIAG(117, 3, 2);
DIAG(118, 3, 2);
DIAG(119, 3, 2);
DIAG(120, 3, 2);
DIAG(121, 3, 2);
DIAG(122, 3, 2);
DIAG(123, 3, 1);
DIAG(124, 3, 1);
DIAG(125, 3, 1);
DIAG(126, 3, 1);
DIAG(127, 3, 1);
DIAG(128, 3, 1);
DIAG(129, 3, 1);
DIAG(130, 3, 1);
DIAG(131, 3, 1);
DIAG(132, 3, 1);
DIAG(133, 3, 1);
DIAG(134, 3, 1);
DIAG(135, 3, 1);
DIAG(136, 3, 1);
DIAG(137, 3, 1);
DIAG(138, 3, 1);
DIAG(139, 3, 1);
DIAG(140, 3, 1);
DIAG(141, 3, 1);
DIAG(142, 3, 1);
DIAG(143, 3, 1);
DIAG(144, 3, 1);
DIAG(145, 3, 1);
DIAG(146, 3, 1);
DIAG(147, 3, 1);
DIAG(148, 3, 1);
DIAG(149, 3, 1);
DIAG(150, 3, 0);
DIAG(151, 3, 0);
DIAG(152, 3, 0);
DIAG(153, 3, 0);
DIAG(154, 3, 0);
DIAG(155, 3, 0);
DIAG(156, 3, 0);
DIAG(157, 3, 0);
DIAG(158, 3, 0);
DIAG(159, 3, 1);
DIAG(160, 3, 1);
DIAG(161, 3, 1);
DIAG(162, 3, 1);
DIAG(163, 3, 1);
DIAG(164, 3, 2);
DIAG(165, 3, 2);
DIAG(166, 3, 2);
DIAG(167, 3, 2);
DIAG(168, 3, 2);
DIAG(169, 3, 2);
DIAG(170, 3, 2);
DIAG(171, 3, 2);
DIAG(172, 3, 2);
DIAG(173, 3, 2);
DIAG(174, 3, 2);
DIAG(175, 3, 2);
DIAG(176, 3, 2);
DIAG(177, 3, 2);
DIAG(178, 3, 2);
DIAG(179, 3, 2);
DIAG(180, 3, 1);
DIAG(181, 3, 1);
DIAG(182, 3, 1);
DIAG(183, 3, 1);
DIAG(184, 3, 1);
DIAG(185, 3, 1);
DIAG(186, 3, 1);
DIAG(187, 3, 1);
DIAG(188, 3, 1);
DIAG(189, 3, 1);
DIAG(190, 3, 1);
DIAG(191, 3, 1);
DIAG(192, 3, 1);
DIAG(193, 3, 1);
DIAG(194, 3, 1);
DIAG(195, 3, 1);
DIAG(196, 3, 1);
DIAG(197, 3, 1);
DIAG(198, 3, 0);
DIAG(199, 3, 0);
DIAG(200, 3, 0);
DIAG(201, 3, 0);
DIAG(202, 3, 0);
DIAG(203, 3, 0);
DIAG(204, 3, 2);
DIAG(205, 3, 2);
DIAG(206, 3, 2);
DIAG(207, 3, 2);
DIAG(208, 3, 1);
DIAG(209, 3, 1);
DIAG(210, 3, 1);
DIAG(211, 3, 1);
DIAG(212, 3, 1);
DIAG(213, 3, 1);
DIAG(214, 3, 1);
DIAG(215, 3, 1);
DIAG(216, 3, 1);
DIAG(217, 3, 1);
DIAG(218, 3, 1);
DIAG(219, 3, 1);
DIAG(220, 3, 2);
DIAG(221, 3, 2);
DIAG(222, 3, 2);
DIAG(223, 3, 2);
DIAG(224, 3, 2);
DIAG(225, 3, 2);
DIAG(226, 3, 1);
DIAG(227, 3, 1);
DIAG(228, 3, 1);
DIAG(229, 3, 0);
DIAG(230, 3, 2);
DIAG(231, 3, 2);
DIAG(232, 3, 2);
DIAG(233, 3, 2);
DIAG(234, 3, 2);
DIAG(235, 3, 2);
DIAG(236, 3, 2);
DIAG(237, 3, 2);
DIAG(238, 3, 2);
DIAG(239, 3, 1);
DIAG(240, 3, 1);
DIAG(241, 3, 1);
DIAG(242, 3, 1);
DIAG(243, 3, 1);
DIAG(244, 3, 1);
DIAG(245, 3, 1);
DIAG(246, 3, 1);
DIAG(247, 3, 1);
DIAG(248, 3, 2);
DIAG(249, 3, 2);
DIAG(250, 3, 2);
DIAG(251, 3, 2);
DIAG(252, 3, 2);
DIAG(253, 3, 2);
DIAG(254, 3, 1);
DIAG(255, 3, 1);
DIAG(256, 3, 2);
