#                   1                    2                    3                    4                    5                    6 
#                   T                 Himp                 Hpot              SigmaHd                  n_d               n_d_ud 
      1.0820212806667    0.023309460938706    0.023309460938706    0.048872625853403     0.97745251706806     0.23309460938706 
     0.54101064033336    0.021710724536962    0.021710724536962    0.047804579818479     0.95609159636958     0.21710724536962 
     0.27050532016668     0.01880869495753     0.01880869495753    0.045855558860872     0.91711117721744      0.1880869495753 
     0.13525266008334    0.014115087546288    0.014115087546288    0.042658220645732     0.85316441291465     0.14115087546288 
     0.06762633004167   0.0081896711822718   0.0081896711822718    0.038454345750296     0.76908691500593    0.081896711822718 
    0.033813165020835   0.0036705157493788   0.0036705157493788    0.034702906632403     0.69405813264805    0.036705157493788 
    0.016906582510418   0.0021426832951323   0.0021426832951323    0.032077341915922     0.64154683831845    0.021426832951323 
   0.0084532912552088   0.0018558123093363   0.0018558123093363    0.029253828887902     0.58507657775804    0.018558123093363 
   0.0042266456276044    0.001707809746756    0.001707809746756    0.026198656081888     0.52397312163776     0.01707809746756 
   0.0021133228138022    0.001611526043858    0.001611526043858    0.024161812197744     0.48323624395487     0.01611526043858 
   0.0010566614069011   0.0015703021372956   0.0015703021372956    0.023351378081215     0.46702756162429    0.015703021372956 
  0.00052833070345055   0.0015588510405328   0.0015588510405328    0.023130492116737     0.46260984233474    0.015588510405328 
  0.00026416535172527   0.0015556284211905   0.0015556284211905    0.023071457655461     0.46142915310922    0.015556284211905 
  0.00013208267586264    0.001554938059672    0.001554938059672    0.023057937877896     0.46115875755793     0.01554938059672 
  6.6041337931319e-05   0.0015547128048865   0.0015547128048865    0.023054022735237     0.46108045470475    0.015547128048865 
  3.3020668965659e-05    0.001554680532053    0.001554680532053    0.023053286268924     0.46106572537848     0.01554680532053 
   1.651033448283e-05   0.0015546610085984   0.0015546610085984    0.023052987034528     0.46105974069056    0.015546610085984 
  8.2551672414148e-06    0.001554661711263    0.001554661711263    0.023052968365226     0.46105936730453     0.01554661711263 
  4.1275836207074e-06   0.0015546591315347   0.0015546591315347    0.023052935975406     0.46105871950812    0.015546591315347 
  2.0637918103537e-06   0.0015546598555157   0.0015546598555157    0.023052941657618     0.46105883315237    0.015546598555157 
  1.0318959051769e-06   0.0015546593545178   0.0015546593545178    0.023052936211241     0.46105872422482    0.015546593545178 
  5.1594795258843e-07   0.0015546595699184   0.0015546595699184    0.023052938280139     0.46105876560279    0.015546595699184 
  2.5797397629421e-07   0.0015546594537844   0.0015546594537844     0.02305293708542      0.4610587417084    0.015546594537844 
  1.2898698814711e-07   0.0015546595099207   0.0015546595099207    0.023052937644536     0.46105875289072    0.015546595099207 
  6.4493494073553e-08   0.0015546594815768   0.0015546594815768    0.023052937357493     0.46105874714986    0.015546594815768 
