#               T           <Sz^2>              <Q>            <Q^2>              <E>            <E^2>                C                F                S 
 1.082021280666723 0.2524738481811285 -0.02253726919037043 0.9873892038546109 0.1474841213767017 0.02869745041710552 0.006945884358847847 -2.62161454792343 2.769098669300131 
 0.5410106403333613 0.3372293447423371 -0.04384497829362735 1.305289583861474 1.074414340042218 1.808189291232578 0.6538231171442228 -2.724973712013714 3.799388052055932 
 0.2705053201666807 0.3637835997394961 -0.08260725775847583 1.373817321623376 1.23403811067429 3.242365064681372 1.719515006084801 -2.977556154237884 4.211594264912174 
 0.1352526600833403 0.364571123219035 -0.1462436795478979 1.317726626782345 1.42940082341119 3.888353263548609 1.84516654958002 -2.672217793581258 4.101618616992448 
 0.06762633004167017 0.3733716882777887 -0.2296809008307746 1.285359350161027 1.409266885703027 3.943168802626971 1.957135647487862 -2.665859869308147 4.075126755011174 
 0.03381316502083508 0.3662337919860909 -0.3047101331108428 1.226922499371878 1.461269964343256 4.101312335081986 1.966002426390246 -2.392091793412303 3.853361757755559 
 0.01690658251041754 0.3530987371711277 -0.3560163552183264 1.223516640195037 1.490416121956013 4.222991998694851 2.00165178210845 -2.272769555769885 3.763185677725898 
 0.008453291255208771 0.3216645815218711 -0.4140023478057165 1.211699642170506 1.502277700290915 4.281383455456544 2.024545166665182 -2.025990689205169 3.528268389496084 
 0.004226645627604385 0.2883110055070577 -0.4709913056243767 1.219750504932404 1.462385790297645 4.278687419569871 2.140115219905403 -1.874246533307359 3.336632323605004 
 0.002113322813802193 0.2598163310662405 -0.5186572335024591 1.224085619308958 1.377855718914966 3.884107984554743 1.985621602408064 -1.713768280509238 3.091623999424205 
 0.001056661406901096 0.2445758414082168 -0.5234135127596823 1.210522085920275 1.298129334063971 3.587428629954474 1.902288861997105 -1.673810254963691 2.971939589027662 
 0.0005283307034505482 0.236443584173047 -0.5429052011946166 1.219699113197552 1.285431878312577 3.467326164490316 1.814991050708116 -1.609769929561234 2.895201807873812 
 0.0002641653517252741 0.2331907616605496 -0.5264000618629626 1.199442514025997 1.248144353884007 3.344300785535842 1.786436457403318 -1.622930754032572 2.871075107916578 
 0.000132082675862637 0.230766995339631 -0.5458661912361857 1.215872860612481 1.262209970269576 3.362281877246514 1.769107868198589 -1.584368584510275 2.846578554779851 
 6.604133793131852e-05 0.2303921416294636 -0.5259271028478767 1.195556798015679 1.236700260877222 3.291081322596241 1.761653787342453 -1.610382792536914 2.847083053414135 
 3.302066896565926e-05 0.229361632090101 -0.5463837977576609 1.214693105305666 1.256340449295602 3.335253350050453 1.756862025514178 -1.578050512845263 2.834390962140865 
 1.651033448282963e-05 0.2296913742664863 -0.5257313775449513 1.194505601069632 1.233890770225593 3.278322303711585 1.755835870863677 -1.60724356332438 2.841134333549974 
 8.255167241414815e-06 0.2290111072206083 -0.5464991387733196 1.214383730710314 1.254865351608207 3.32840130239371 1.75371425172692 -1.576472839969003 2.831338191577211 
 4.127583620707408e-06 0.2295160641286443 -0.5256774795610422 1.194237683749816 1.23319120099027 3.275166066784677 1.754405528584853 -1.606458589884264 2.839649790874534 
 2.063791810353704e-06 0.2289236492872687 -0.5465268519133645 1.214305705467771 1.254495746844998 3.326680232461586 1.752920653609397 -1.576080079974006 2.830575826819004 
 1.031895905176852e-06 0.2294724027341526 -0.5256631660442828 1.194170526129758 1.233017328801901 3.274380861111925 1.75404912798615 -1.606263385276221 2.839280714078122 
 5.159479525884259e-07 0.2289022874382438 -0.5465327414046078 1.214287064914609 1.254402085213121 3.326243725925162 1.752719134538137 -1.575988193471344 2.830390278684464 
 2.57973976294213e-07 0.2294621979487432 -0.5256574201277676 1.194154302715924 1.23297734885675 3.274191930769232 1.753958787975412 -1.606218864486889 2.839196213343639 
 1.289869881471065e-07 0.2288989456209006 -0.546530274125971 1.214286092476486 1.254373759195784 3.326111308855896 1.752657781096933 -1.575990415762802 2.830364174958586 
 6.449349407355324e-08 0.2294624920260685 -0.5256473876537385 1.194152591122518 1.232981269501301 3.274173679480318 1.753930868539278 -1.606224864705159 2.839206134206461 
