# Input file for NRG Ljubljana
# symtype  QS
# Using sneg version  2.0.13
#!9
# Number of channels, chain sites, subspaces: 
1 24 6
# SCALE  1
# Energies (GS energy subtracted, multiplied by 1/SCALE):
-2 1
4
0.11740429729668792 0.6201970259008729 1.1621379527654212 1.8897019501089483
-1 2
8
0.06321085568226961 0.21761642567690526 0.577153216206329 0.7079678288880261 1.1084648844302953 1.2221029445216067 1.6508722022801277 1.9114940944582994
0 1
12
0. 0.13097658369758558 0.2954965403066905 0.5257664238148171 0.6375833659761071 0.7747472189582336 1.0607642718172758 1.1821054924135106 1.292883912170456 1.6158356655696064 1.9127841026285997 1.9793801008629062
0 3
4
0.1673603065179824 0.6673603065179824 1.1673603065179823 1.6673603065179823
1 2
8
0.0871458667903178 0.23371911249805633 0.6012879894387065 0.7238136788937027 1.1260284664051807 1.2443735963228586 1.6537443099003435 1.9487694318946942
2 1
4
0.1574042972966879 0.6601970259008726 1.2021379527654206 1.9297019501089485
# Irreducible matrix elements for Wilson chains:
f 0 0
6
2 1 1 2
-1.0320714508052033 -0.9624289554995145 0.07921920393905124 0.04604370259887845 0.0116809170943864 0.00486042427748469 -0.0017965026844807552 -0.00016204008296329814
-0.04413531296663152 0.08389902506884944 1.0234965509292941 -0.9643870507167446 -0.10542209621857535 -0.044559531557203644 0.017973676406154736 0.0017410112759660423
0.005701275675500056 -0.010965538791389754 -0.054703713863807124 -0.09681347189817631 0.839928625670581 -1.125825824021247 0.11995096354929571 0.011392622736629665
0.00044088612584736175 -0.0009126630703740479 -0.0054381071990628055 -0.01012894149530899 0.04864158959957593 0.059477784090859354 0.33711794439274834 -1.371245668991919
1 2 0 3
0.8354205957321448 -0.04091450021842269 0.00580148190692895 -0.0008345352398270769
-0.8917481165120988 -0.06794227354002509 0.009735775054600167 -0.001465011171149425
0.07290730364815394 -0.836148583143174 0.053224228186125246 -0.008662995927230806
-0.03784868416447513 -0.8860636168169087 -0.08394062511131462 0.013576747192032652
-0.008193949504081921 -0.0755292408247153 0.9762434578107435 -0.04306543930454245
0.0064642546221256566 0.06039516488223394 0.7295672307692006 0.09627755164685757
-0.0005463246482321489 -0.00581261502104117 -0.036742316277792036 1.1842059155043327
0.0007079820122541452 0.008404543116543619 0.05764615811750856 0.2937177767881765
1 2 0 1
-0.6444362697891345 0.5882611854922734 -0.04255622214442397 0.05804979740370373 -0.013249060338102529 -0.004882229174362921 0.0073510350316451775 0.0018810417865356244 -0.00032484227253689625 -0.0008658060727616285 0.00028092694990686766 0.00005503592142696163
0.047380242156158214 0.4214895862954729 -0.7412805354904796 -0.017602803201561195 0.05184397262356756 -0.030138633975007257 -0.0005926249362270537 -0.006248215805743092 -0.004046953126532848 -0.0004558927115472197 -0.0004194742667348856 -0.0002583212670569
0.03246551229494525 0.028222000907614255 -0.010625299901418368 -0.631049463858868 -0.597230468608076 -0.04185937249109406 0.0712034448787213 0.02037837555184596 -0.002031168214392816 -0.009230224341737972 0.003511719028273165 0.000786366845517565
0.0055088852182033285 0.027524155689281203 0.056647942400540365 -0.04667984014827277 0.4102014306677039 0.7457126801833429 0.010976900101703909 0.05795886128922864 0.03681356140701696 0.003386634104210295 0.0050695113915611555 0.002965481602196044
-0.004566903412656272 -0.005044481711318105 -0.0011439172661166334 0.04378141666983497 -0.04167459640755759 0.0020343830343874264 -0.6466477944876466 0.5028653245132794 0.024817562245810162 -0.058091433480353685 0.031000448492718706 0.009502473828590928
-0.00009912014097024826 -0.003153383720413484 -0.007951552909385698 0.00034398847496419703 -0.02779726616507919 0.06512931768477853 0.024401734146461226 -0.4740370215141986 0.765188923556056 0.03131271722063395 0.03157528080337852 0.01927981205702958
-0.0005816191519569055 -0.0009247072159615648 -0.0008438962505240839 0.006448344618316055 -0.008664495342002249 0.005937390626617695 -0.038872888143124534 -0.05654101086727921 -0.033267621557022446 -0.6863141263295152 -0.22122973810300228 -0.07843815315771885
0.00013793619567741106 -0.00003560155345844478 -0.000522279521795094 -0.0017430440017876375 -0.0005811875504368102 0.005759018267849787 0.015433570347096356 -0.005588756626306914 -0.03769990897060152 0.11750686655148775 0.4653730041531314 -0.859071847423322
0 3 -1 2
-0.5820129564603531 -0.8098829517553086 -0.0683029054564051 -0.02464562539892981 0.007620160034668934 -0.0043850178117667915 0.0004433194326716342 0.0005809225538522531
-0.03663363253027347 0.048154285727154036 -0.5651213954263192 0.8183504466820497 -0.07351266153299332 0.04246641015692445 -0.004845434038949246 -0.006964980411861367
-0.005375053521000499 0.007232989330531916 -0.04869086099488417 -0.05789013868373573 -0.6860624263361189 -0.7211836040130368 0.032039266247672414 0.048813588831598816
-0.0007861775854835344 0.0011125712517610115 -0.008194170587211955 -0.009770948318220684 -0.043366032196679435 0.06663282802298205 0.9583316220616119 -0.2740720414148442
0 1 -1 2
-1.07617076174572 -0.05447170203445101 0.03903181635941596 -0.0064331075031528375 -0.005186149955073285 -0.00017820787530815094 -0.000587857591281701 -0.0001891406961104757
-0.7014957812357245 0.6733905935028133 -0.04854211703804869 0.03773444617316131 0.007699072627555032 0.004191529958126236 0.0013040885227798157 0.00006563038998798072
-0.062136491319809695 0.9370587132984677 -0.02452983813649609 -0.08896435081846572 -0.0006691456339322126 -0.012257919193026207 -0.001353228138435891 0.0007597696039298833
-0.06944697103958163 -0.012504507391009313 1.0851015218303288 -0.05410318391210676 -0.05014086058244553 -0.00021770463129349262 -0.006408270325356026 -0.0024138980523286603
-0.028385602206509243 -0.06701440718755776 -0.6921233097256727 -0.6696177322336886 -0.07114304585776932 -0.03543567324264619 -0.012944892758748184 -0.0009209027646434763
0.007464251364894872 -0.049573352829773154 0.060831098171381055 0.9253442455286511 0.0020319608422879496 -0.10564203255311898 -0.010780666028194785 0.00845261636059445
0.009423903503087413 0.0002098710477842774 0.08609275039192885 -0.011465433900384401 -1.066573778665456 0.03241651970103336 -0.04201063058078928 -0.022057488615977845
-0.0036841951200837116 -0.007522429005184656 -0.03553273554899268 0.06960481595047235 -0.6060830432625182 0.806480852800776 0.08217034345676717 0.00792274508939509
-0.0004283129221459552 0.00734491667403179 -0.003143438528406446 -0.06506883434640688 0.03614457244514023 0.8976800222032995 -0.07249053493905153 0.05695238260256271
0.0012539002133370642 -0.0004702676888925436 0.013060831833267603 0.0026067448257978826 0.08154051299293504 -0.026400595144939323 0.9896564284396074 0.18568736182296214
0.0002895643846623434 0.00032043050985954366 0.0033720531539239923 -0.004108536841058878 0.02742917835475043 0.025515031838776837 -0.19321991881972378 -1.1942413334856057
-0.00020263059235274555 -0.0006418447314968843 -0.00250181870049494 0.007584287734824526 -0.026180965274928244 -0.04907334611936437 0.22292612445182047 -0.6766750525121527
-1 2 -2 1
-0.8119003518214479 0.026389078092961836 0.0032802982129468486 -0.00024721976754533276
0.5805777982543623 0.06764409165670635 0.008393393203269343 -0.0006806330596912484
0.04805561750652401 -0.8186833035616562 -0.031211275654973947 0.002956269442574877
-0.03689202017875941 -0.5644858917512202 0.07862898427516098 -0.007780724191383523
0.00744100581936591 0.06426727554953066 0.7189897357099586 -0.029045909286095017
0.004466860207981463 0.03948875180333722 -0.6853064985322259 -0.04906464990192344
-0.001238389427189835 -0.012219162530850664 0.07796558188303077 -0.27261848673968714
0.0001426303916083685 0.0015059037306673628 -0.009605246112405486 -0.9603948939861008
# GS energy in absolute units:
e
-0.1973603065179824
# Irreducible matrix elements for other operators:
sHimp
6
-2 1 -2 1
-0.07995600922129464 -2.8514517136368767e-17 -6.570265165262157e-17 2.5804011705155006e-17
-6.071532165918825e-17 0.4228367193828908 2.5673907444456745e-16 -2.1510571102112408e-16
-7.632783294297951e-17 2.914335439641036e-16 0.964777646247438 1.6653345369377348e-16
4.163336342344337e-17 -1.3877787807814457e-16 1.1102230246251565e-16 1.6923416435909664
-1 2 -1 2
-0.06190312387662976 0.023461628949919565 0.002685380489219535 -0.022648886196268127 0.008513624069819379 0.0014576560639115355 -0.0010393397726973193 0.0005897746552563153
0.023461628949919565 -0.043482176032541196 -0.040707888559879 0.0037129677327987437 0.0009854727862219216 -0.008667078063599155 0.002346581378223977 0.0008156307081296887
0.0026853804892195427 -0.040707888559878995 0.4365317033654412 -0.02141542523303138 0.008394833252023014 0.028674092889923765 -0.011245798371229602 -0.0021905042938336924
-0.022648886196268134 0.0037129677327987455 -0.021415425233031374 0.45882356019799186 0.050485437892188845 -0.004882886209631776 -0.00501020521460948 0.010075524751430092
0.008513624069819379 0.0009854727862219142 0.008394833252023021 0.050485437892188824 0.9637718483516344 0.0023286455919293006 -0.01509455934084418 0.025814383979675785
0.0014576560639115333 -0.008667078063599138 0.028674092889923723 -0.004882886209631783 0.0023286455919291895 0.9697111350656585 0.04224384986577205 0.024989533451672964
-0.001039339772697323 0.0023465813782239746 -0.01124579837122961 -0.005010205214609461 -0.01509455934084418 0.04224384986577205 1.4827577996896852 0.057795583268396844
0.0005897746552563042 0.0008156307081296935 -0.0021905042938337688 0.01007552475143003 0.0258143839796757 0.02498953345167313 0.0577955832683969 1.6737892532387593
0 1 0 1
-0.04777626746217066 -0.016937255716322864 -0.018606300792011612 -0.002524924267134043 -0.02634480852284009 0.0014027566804933386 0.016277635356138714 -0.0015928237481967328 -0.0004250605694607942 0.0004390240514491013 0.0010130571711129788 -0.00025101066438524563
-0.016937255716322867 -0.050598499938347384 -0.01012413347828157 -0.052355007280208754 -0.002227336924990244 0.03617499047943554 -0.0013725237729857167 0.001196635170951962 -0.0014099072325355199 0.004433807379124671 -0.00009172739115737556 0.0003073056951607891
-0.018606300792011612 -0.01012413347828156 -0.033273136860385924 -0.004410346726615647 0.06311786959130052 0.003180177477846165 0.001277599346702577 -0.0023061368829543284 -0.01817497477074243 -0.0002896547027283776 -0.001950493991327611 0.0005853387864958949
-0.0025249242671340376 -0.05235500728020876 -0.004410346726615634 0.44896354162386787 0.017239819843020067 -0.01533737181833515 -0.005237482129843962 0.03637967812054383 0.0004943810655836338 -0.022141981910207022 0.0004927405139688384 0.004699611037982258
-0.026344808522840105 -0.002227336924990246 0.06311786959130052 0.017239819843020046 0.44732446996181174 0.009647523775908542 0.0700957343804948 -0.0007305487459900318 -0.039284459360369804 -0.0018924206442750863 0.004228195163624644 0.0011885621182388358
0.0014027566804933373 0.03617499047943553 0.003180177477846169 -0.015337371818335142 0.009647523775908532 0.46909967601345837 -0.0018393421302658152 -0.07653035224308229 0.006123335834859358 -0.010752302855961161 -0.005002649007965297 -0.018225606284093962
0.016277635356138707 -0.001372523772985717 0.0012775993467025889 -0.005237482129843957 0.07009573438049477 -0.0018393421302657872 0.9677412779823475 -0.011369952912419651 0.008578326969989607 0.007785525048281366 0.0461277570501326 -0.012251458764993244
-0.001592823748196742 0.001196635170951954 -0.0023061368829543224 0.036379678120543844 -0.0007305487459900347 -0.07653035224308231 -0.011369952912419611 0.9828333941208282 -0.016191213210626942 0.07923885744929691 -0.008244867928063447 0.0113070247883975
-0.0004250605694607924 -0.0014099072325355112 -0.018174974770742425 0.0004943810655836386 -0.03928445936036977 0.006123335834859343 0.00857832696998965 -0.016191213210626925 0.9836587299519709 -0.009222148852752314 -0.05952514951288051 0.016688604644331625
0.00043902405144910603 0.0044338073791246714 -0.0002896547027283665 -0.022141981910207033 -0.0018924206442750549 -0.010752302855961168 0.007785525048281364 0.0792388574492969 -0.009222148852752262 1.4998268694242711 -0.024180362243637864 -0.09187756747203693
0.001013057171112982 -0.0000917273911573749 -0.0019504939913276129 0.0004927405139688309 0.004228195163624644 -0.005002649007965287 0.04612775705013252 -0.008244867928063459 -0.05952514951288055 -0.0241803622436379 1.6900064677671198 -0.027353240551142688
-0.00025101066438524644 0.000307305695160787 0.0005853387864958948 0.0046996110379822435 0.0011885621182388389 -0.01822560628409397 -0.012251458764993275 0.011307024788397589 0.016688604644331553 -0.091877567472037 -0.027353240551142646 1.6821934774152278
0 3 0 3
-0.03 0. 0. 0.
0. 0.47 0. 0.
0. 0. 0.97 0.
0. 0. 0. 1.47
1 2 1 2
-0.03422430171974801 -0.0049243094420269385 0.0007288468806754408 0.022183777156457772 0.008544848190130275 -0.0008705501667459137 -0.0007710043135917451 -0.0006556700337428195
-0.00492430944202694 -0.031209423184493407 0.041149059301406866 0.00034236820369111894 0.0011819888769895358 0.008667957127692109 -0.0024303750705978607 0.0008268669332398796
0.0007288468806754535 0.04114905930140688 0.46468921418001213 0.00340825541051104 0.005465568272710122 0.028559075125637077 -0.010419021345448146 0.003846079071031787
0.022183777156457786 0.00034236820369113255 0.0034082554105110694 0.4706933676629394 -0.05036400552423413 0.009092387179107663 0.006562404247799084 0.00953396568472794
0.008544848190130284 0.0011819888769895345 0.005465568272710126 -0.05036400552423412 0.9789540537098407 -0.016386457411434602 -0.008655336054066785 -0.029210935625922474
-0.0008705501667459221 0.008667957127692104 0.028559075125637094 0.009092387179107653 -0.016386457411434574 0.9947191275134488 0.043625636175948446 -0.022036845977899677
-0.0007710043135917399 -0.0024303750705978585 -0.010419021345448143 0.006562404247799081 -0.008655336054066778 0.043625636175948446 1.4809225620006654 -0.06023141675822466
-0.0006556700337428251 0.0008268669332398802 0.003846079071031794 0.009533965684727974 -0.02921093562592242 -0.022036845977899677 -0.06023141675822466 1.7154553998373359
2 1 2 1
-0.03995600922129462 4.537386091851836e-17 -7.692414413784654e-17 -1.929879867024198e-17
7.979727989493313e-17 0.4628367193828909 -2.220446049250313e-16 -1.457167719820518e-16
-5.724587470723463e-17 -3.191891195797325e-16 1.0047776462474378 -2.7755575615628914e-16
-1.3877787807814457e-17 -1.942890293094024e-16 -3.3306690738754696e-16 1.732341643590966
sHpot
6
-2 1 -2 1
-0.07995600922129464 -2.8514517136368767e-17 -6.570265165262157e-17 2.5804011705155006e-17
-6.071532165918825e-17 0.4228367193828908 2.5673907444456745e-16 -2.1510571102112408e-16
-7.632783294297951e-17 2.914335439641036e-16 0.964777646247438 1.6653345369377348e-16
4.163336342344337e-17 -1.3877787807814457e-16 1.1102230246251565e-16 1.6923416435909664
-1 2 -1 2
-0.05169980546276075 0.037548385520314836 0.004507093995168612 -0.023108373154713226 0.008573015658456334 0.0016022696704228792 -0.0010695240751537021 0.0005858789069520977
0.03754838552031484 -0.023733692490724306 -0.03987559722602163 0.005481094636261807 0.0005438152636146673 -0.008653454725406233 0.0023677489767459925 0.0007928988250353611
0.004507093995168613 -0.03987559722602163 0.44632566605059365 -0.03515198102429837 0.010638335782923187 0.029000189360293395 -0.011446941585508467 -0.00207754234953551
-0.023108373154713233 0.005481094636261806 -0.03515198102429834 0.479036108198708 0.049879229489798414 -0.002604121304798755 -0.005466047873972349 0.009899664940255945
0.008573015658456333 0.0005438152636146643 0.010638335782923166 0.049879229489798435 0.9781125816663336 0.0169906097458416 -0.016989971274838714 0.025181764642195424
0.0016022696704228753 -0.008653454725406214 0.02900018936029336 -0.002604121304798783 0.016990609745841545 0.9855021855308705 0.043460123080966834 0.023376611045956834
-0.0010695240751537047 0.00236774897674599 -0.011446941585508472 -0.005466047873972339 -0.016989971274838693 0.04346012308096682 1.5103412903053277 0.0499639648717673
0.000585878906952084 0.0007928988250353711 -0.002077542349535597 0.009899664940255896 0.02518176464219534 0.023376611045957004 0.0499639648717673 1.6761156662016514
0 1 0 1
-0.02265735300955591 -0.03841934450245824 -0.019069724946640845 -0.0060764375768435274 -0.026701031350565185 0.0016696945198338157 0.016312571668357603 -0.001757512151466803 -0.00042629554040008746 0.0004949995682885599 0.001012407985499009 -0.0002584521065460436
-0.03841934450245825 -0.01908079986817915 -0.030295247676725513 -0.05191059312357351 -0.0016993902742921034 0.036387826970839754 -0.0007961260654258736 0.001175874077403732 -0.0016167226235371957 0.004431167443116772 -0.00008217834884171535 0.00030860744995033407
-0.019069724946640856 -0.03029524767672551 8.579423231908587e-6 -0.003535447169749669 0.06263739206470659 0.007062692551544228 0.001311328577282309 -0.0016543519400987051 -0.018231633923914723 -0.0002296557144339836 -0.001938136215344888 0.0006273072421660443
-0.0060764375768435205 -0.05191059312357351 -0.003535447169749659 0.4733261588896515 0.038489607754737136 -0.015817826743539737 -0.009652790179143578 0.03674880684551203 0.0005433802370834078 -0.02223429538877405 0.0002948217032448821 0.0047468517383604655
-0.026701031350565195 -0.0016993902742921075 0.06263739206470657 0.03848960775473713 0.47914832912401417 0.02929418109953315 0.06940261939351809 -0.0004924244702587153 -0.03963760252232387 -0.0010333160248225022 0.0041942041657697425 0.0012473412398908625
0.001669694519833813 0.036387826970839754 0.007062692551544222 -0.01581782674353975 0.02929418109953313 0.5028848460638449 -0.0015202098566881323 -0.0757906613297883 0.010751315964105189 -0.010665134900842043 -0.004574802271348668 -0.01834273339883913
0.0163125716683576 -0.0007961260654258532 0.0013113285772822993 -0.009652790179143559 0.06940261939351813 -0.0015202098566881384 0.9932858533677554 -0.03132161316340356 0.008794000698292974 0.01175723712457052 0.045936617061896425 -0.013199135943965606
-0.001757512151466802 0.001175874077403725 -0.0016543519400987106 0.036748806845511996 -0.0004924244702586891 -0.07579066132978829 -0.03132161316340354 1.0119111844479554 -0.036953574256987406 0.07888497929835457 -0.007591022084309259 0.011610916042804472
-0.0004262955404000927 -0.0016167226235371866 -0.01823163392391472 0.0005433802370834098 -0.03963760252232384 0.010751315964105205 0.00879400069829299 -0.0369535742569874 1.0190607618645138 -0.006758186122957392 -0.058629542820157504 0.019694215144956506
0.0004949995682885619 0.004431167443116778 -0.00022965571443397942 -0.02223429538877406 -0.001033316024822473 -0.010665134900842047 0.011757237124570538 0.07888497929835456 -0.006758186122957359 1.529184129527072 -0.011838952169628537 -0.09470111242960866
0.0010124079854990121 -0.00008217834884171108 -0.0019381362153448906 0.00029482170324487674 0.004194204165769737 -0.0045748022713486824 0.0459366170618964 -0.00759102208430927 -0.0586295428201575 -0.011838952169628542 1.7060571243576252 -0.050244124293903784
-0.0002584521065460442 0.00030860744995033363 0.0006273072421660367 0.004746851738360438 0.001247341239890849 -0.018342733398839135 -0.013199135943965587 0.011610916042804526 0.019694215144956506 -0.09470111242960877 -0.05024412429390372 1.7268711858120704
0 3 0 3
0. 0. 0. 0.
0. 0.5 0. 0.
0. 0. 1. 0.
0. 0. 0. 1.5
1 2 1 2
0.011782979845392835 0.009918634838926736 -0.0011798505874610914 0.022101077766865488 0.008505959283168565 -0.0010121813175490632 -0.000742604072084827 -0.0006624082413687607
0.009918634838926734 0.01279202106730041 0.04130254419047317 -0.001519942842577677 0.0007418659683718284 0.008726077466483618 -0.0024061653992855938 0.0008482956370262926
-0.0011798505874610849 0.04130254419047319 0.5105418583003716 -0.0112624666290184 0.003167785288191634 0.028799703914449172 -0.010271141871618306 0.003975121738825603
0.02210107776686549 -0.0015199428425776702 -0.011262466629018385 0.5148179354119786 -0.05005805888055029 0.011366223483065246 0.006075747013953543 0.009700463256838071
0.008505959283168581 0.0007418659683718232 0.003167785288191647 -0.05005805888055028 1.0197404991496646 -0.030455946057148645 -0.006926850155808524 -0.030070675820147996
-0.0010121813175490617 0.008726077466483621 0.02879970391444915 0.011366223483065263 -0.0304559460571487 1.0438145860396024 0.041888598759399986 -0.02345379291209726
-0.0007426040720848225 -0.002406165399285589 -0.010271141871618306 0.006075747013953539 -0.006926850155808517 0.04188859875939997 1.512848007338967 -0.06714451748274466
-0.0006624082413687685 0.0008482956370262709 0.003975121738825554 0.009700463256838154 -0.030070675820147996 -0.02345379291209726 -0.06714451748274461 1.7736621128467238
2 1 2 1
0.02004399077870538 5.835718193403228e-17 -9.191323917245864e-17 -2.2280354644577116e-17
6.310056643865636e-17 0.5228367193828909 -2.1510571102112408e-16 -1.6653345369377348e-16
-1.196959198423997e-16 -1.3877787807814457e-16 1.0647776462474379 -2.7755575615628914e-16
-6.938893903907228e-18 -2.220446049250313e-16 -3.3306690738754696e-16 1.792341643590966
sn_d
6
-2 1 -2 1
0. 0. 0. 0.
0. 0. 0. 0.
0. 0. 0. 0.
0. 0. 0. 0.
-1 2 -1 2
0.34011061379563357 0.46955855234650945 0.06072378353163586 -0.015316231948169928 0.001979719621231842 0.004820453550378111 -0.00100614341521274 -0.00012985827680725686
0.46955855234650945 0.6582827847272297 0.027743044461912395 0.058937563448768666 -0.014721917420241792 0.00045411127309740465 0.0007055866174005022 -0.000757729436477581
0.06072378353163586 0.027743044461912395 0.3264654228384123 -0.4578851930422319 0.07478341769667225 0.010869882345653897 -0.00670477380929546 0.0037653981432726564
-0.015316231948169928 0.058937563448768666 -0.4578851930422319 0.6737516000238741 -0.02020694674634756 0.0759588301611003 -0.015194755312095711 -0.005861993705804935
0.001979719621231842 -0.014721917420241792 0.07478341769667225 -0.02020694674634756 0.47802444382330445 0.4887321384637426 -0.0631803977998178 -0.021087311249345375
0.004820453550378111 0.00045411127309740465 0.010869882345653897 0.0759588301611003 0.4887321384637426 0.5263683488403987 0.040542440506492264 -0.05376408019053683
-0.00100614341521274 0.0007055866174005022 -0.00670477380929546 -0.015194755312095711 -0.0631803977998178 0.040542440506492264 0.9194496871880747 -0.2610539465543197
-0.00012985827680725686 -0.000757729436477581 0.0037653981432726564 -0.005861993705804935 -0.021087311249345375 -0.05376408019053683 -0.2610539465543197 0.07754709876307166
0 1 0 1
0.8372971484204914 -0.7160696262045131 -0.01544747182097454 -0.1183837769903161 -0.01187409425750304 0.00889792797801592 0.0011645437406295743 -0.005489613442335557 -0.00004116569797655106 0.0018658505613152751 -0.000021639520465671372 -0.00024804807202656235
-0.7160696262045131 1.0505900023389414 -0.672370473281465 0.01481380522117446 0.017598221689937563 0.007094549713473572 0.01921325691866167 -0.00069203645160796 -0.0068938463667223135 -0.00008799786692988012 0.00031830141052208074 0.00004339182631807637
-0.01544747182097454 -0.672370473281465 1.109390542787262 0.029163318562199197 -0.01601591755313079 0.1294171691232688 0.0011243076859908689 0.021726164761854412 -0.001888638439076669 0.0019999662764797204 0.0004119258660906862 0.0013989485223384142
-0.1183837769903161 0.01481380522117446 0.029163318562199197 0.812087242192788 0.7083262637239027 -0.01601516417348532 -0.1471769349766542 0.012304290832273556 0.0016333057166590301 -0.0030771159522341904 -0.006597293690798556 0.001574690012607077
-0.01187409425750304 0.017598221689937563 -0.01601591755313079 0.7083262637239027 1.0607953054067494 0.6548885774541537 -0.023103832899222472 0.00793747585771084 -0.01177143873180282 0.028636820648419162 -0.0011330332618300135 0.001959304055067665
0.00889792797801592 0.007094549713473572 0.1294171691232688 -0.01601516417348532 0.6548885774541537 1.1261723350128827 0.010637742452588493 0.024656363776467616 0.15426600430819387 0.0029055985039709658 0.014261557887220585 -0.0039042371581718854
0.0011645437406295743 0.01921325691866167 0.0011243076859908689 -0.1471769349766542 -0.023103832899222472 0.010637742452588493 0.8514858461802605 -0.6650553416994646 0.0071891242767779156 0.13239040254297177 -0.006371332941206832 -0.03158923929907844
-0.005489613442335557 -0.00069203645160796 0.021726164761854412 0.012304290832273556 0.00793747585771084 0.024656363776467616 -0.6650553416994646 0.9692596775709087 -0.6920787015453487 -0.01179593836474687 0.02179486145847169 0.010129708480229708
-0.00004116569797655106 -0.0068938463667223135 -0.001888638439076669 0.0016333057166590301 -0.01177143873180282 0.15426600430819387 0.0071891242767779156 -0.6920787015453487 1.1800677304180938 0.08213209099316368 0.02985355642410024 0.10018701668749616
0.0018658505613152751 -0.00008799786692988012 0.0019999662764797204 -0.0030771159522341904 0.028636820648419162 0.0029055985039709658 0.13239040254297177 -0.01179593836474687 0.08213209099316368 0.9785753367600224 0.4113803358003095 -0.09411816525239464
-0.000021639520465671372 0.00031830141052208074 0.0004119258660906862 -0.006597293690798556 -0.0011330332618300135 0.014261557887220585 -0.006371332941206832 0.02179486145847169 0.02985355642410024 0.4113803358003095 0.5350218863501794 -0.7630294580920338
-0.00024804807202656235 0.00004339182631807637 0.0013989485223384142 0.001574690012607077 0.001959304055067665 -0.0039042371581718854 -0.03158923929907844 0.010129708480229708 0.10018701668749616 -0.09411816525239464 -0.7630294580920338 1.489256946561418
0 3 0 3
1. 0. 0. 0.
0. 1. 0. 0.
0. 0. 1. 0.
0. 0. 0. 1.
1 2 1 2
1.5335760521713617 0.4947648093651227 -0.06362324893788411 -0.0027566463197431033 -0.0012962968987241218 -0.004721038360104461 0.0009466747168971751 -0.00022460692086449796
0.4947648093651227 1.4667148083931276 0.005116162968876977 -0.06207703487562683 -0.014670763620590535 0.001937344626383966 0.0008069890437421698 0.0007142901262138859
-0.06362324893788411 0.005116162968876977 1.5284214706786503 -0.48902406798431375 -0.07659276615061605 0.008020959627069654 0.004929315794327985 0.004301422259793686
-0.0027566463197431033 -0.06207703487562683 -0.48902406798431375 1.4708189249679744 0.010198221456129475 0.07579454346525191 -0.016221907794851206 0.005549919070336973
-0.0012962968987241218 -0.014670763620590535 -0.07659276615061605 0.010198221456129475 1.3595481813274646 -0.4689829548571341 0.05761619660860913 -0.02865800647418404
-0.004721038360104461 0.001937344626383966 0.008020959627069654 0.07579454346525191 -0.4689829548571341 1.636515284205117 -0.05790124721828174 -0.047231564473251275
0.0009466747168971751 0.0008069890437421698 0.004929315794327985 -0.016221907794851206 0.05761619660860913 -0.05790124721828174 1.0641815112767228 -0.23043669081733217
-0.00022460692086449796 0.0007142901262138859 0.004301422259793686 0.005549919070336973 -0.02865800647418404 -0.047231564473251275 -0.23043669081733217 1.940223766979583
2 1 2 1
2.0000000000000004 6.591949208711867e-17 -1.5612511283791264e-16 -6.938893903907228e-18
6.591949208711867e-17 2.000000000000001 -3.0531133177191805e-16 -1.6653345369377348e-16
-1.5612511283791264e-16 -3.0531133177191805e-16 2. -2.220446049250313e-16
-6.938893903907228e-18 -1.6653345369377348e-16 -2.220446049250313e-16 1.9999999999999998
sn_d_ud
6
-2 1 -2 1
0. 0. 0. 0.
0. 0. 0. 0.
0. 0. 0. 0.
0. 0. 0. 0.
-1 2 -1 2
0. 0. 0. 0. 0. 0. 0. 0.
0. 0. 0. 0. 0. 0. 0. 0.
0. 0. 0. 0. 0. 0. 0. 0.
0. 0. 0. 0. 0. 0. 0. 0.
0. 0. 0. 0. 0. 0. 0. 0.
0. 0. 0. 0. 0. 0. 0. 0.
0. 0. 0. 0. 0. 0. 0. 0.
0. 0. 0. 0. 0. 0. 0. 0.
0 1 0 1
0.19551681164453766 -0.31363793547128255 0.23230744596419145 -0.04836651163816422 -0.050531196030163456 -0.0022549928272112794 0.00436233397285244 -0.003185115656893488 0.005089099900861902 0.0009172523532423463 0.0007537834133530365 -0.0004408858244403503
-0.31363793547128255 0.509491928336145 -0.38389363801673093 0.04372219184121852 0.026798911093262424 -0.03731182032399001 0.006813117772897745 -0.00944217738466521 -0.0028247218665029667 -0.00008995365177156905 -0.0002520869597009254 -0.0011026369794287282
0.23230744596419145 -0.38389363801673093 0.2960081538283224 0.002708341062442628 0.03762426214099836 0.07215112823473516 -0.01432312345985177 0.013983309831891545 0.0038449744997787402 0.0009045654898686116 0.0009442433481784195 0.0006065758013169162
-0.04836651163816422 0.04372219184121852 0.002708341062442628 0.19316814037904284 0.30619901818729706 0.2252774474598022 -0.061302452917515425 0.05638674769521616 -0.009602990987208725 -0.002358578800501259 -0.002257202715749679 0.00691569856300651
-0.050531196030163456 0.026798911093262424 0.03762426214099836 0.30619901818729706 0.49868213399221833 0.38106372628761825 -0.05984029006019475 0.027956572622517734 0.04217082564798536 0.012331047204293547 0.007122636329510189 -0.00031146730493693405
-0.0022549928272112794 -0.03731182032399001 0.07215112823473516 0.2252774474598022 0.38106372628761825 0.3064259062244694 -0.008476395125979872 -0.03941671883269708 0.08838258946336978 0.02115501599052145 0.009049015074936067 -0.00032812373261077124
0.00436233397285244 0.006813117772897745 -0.01432312345985177 -0.061302452917515425 -0.05984029006019475 -0.008476395125979872 0.1785690260119543 -0.2772822119144202 0.23837153202567052 0.05925226191696135 0.031489501018333206 -0.02814243593524397
-0.003185115656893488 -0.00944217738466521 0.013983309831891545 0.05638674769521616 0.027956572622517734 -0.03941671883269708 -0.2772822119144202 0.44675896458372216 -0.3979076137864859 -0.0738812386589998 -0.008872269997923628 -0.02455194029696733
0.005089099900861902 -0.0028247218665029667 0.0038449744997787402 -0.009602990987208725 0.04217082564798536 0.08838258946336978 0.23837153202567052 -0.3979076137864859 0.36659070621074485 0.05361593985094859 -0.017120024601598983 0.06443601307002204
0.0009172523532423463 -0.00008995365177156905 0.0009045654898686116 -0.002358578800501259 0.012331047204293547 0.02115501599052145 0.05925226191696135 -0.0738812386589998 0.05361593985094859 0.09119193676803694 0.14224005977813362 -0.22403788932620994
0.0007537834133530365 -0.0002520869597009254 0.0009442433481784195 -0.002257202715749679 0.007122636329510189 0.009049015074936067 0.031489501018333206 -0.008872269997923628 -0.017120024601598983 0.14224005977813362 0.2521647916861465 -0.40846399951979107
-0.0004408858244403503 -0.0011026369794287282 0.0006065758013169162 0.00691569856300651 -0.00031146730493693405 -0.00032812373261077124 -0.02814243593524397 -0.02455194029696733 0.06443601307002204 -0.22403788932620994 -0.40846399951979107 0.6654315003346588
0 3 0 3
0. 0. 0. 0.
0. 0. 0. 0.
0. 0. 0. 0.
0. 0. 0. 0.
1 2 1 2
0.5335760521713615 0.4947648093651227 -0.0636232489378841 -0.0027566463197431007 -0.0012962968987240363 -0.004721038360104516 0.0009466747168971152 -0.00022460692086449276
0.4947648093651227 0.4667148083931275 0.005116162968876866 -0.062077034875626734 -0.014670763620590468 0.0019373446263839349 0.0008069890437420973 0.0007142901262139727
-0.0636232489378841 0.005116162968876866 0.5284214706786499 -0.48902406798431414 -0.07659276615061607 0.008020959627069855 0.004929315794327814 0.00430142225979363
-0.0027566463197431007 -0.062077034875626734 -0.48902406798431414 0.47081892496797434 0.010198221456129565 0.07579454346525179 -0.016221907794851484 0.005549919070336695
-0.0012962968987240363 -0.014670763620590468 -0.07659276615061607 0.010198221456129565 0.3595481813274645 -0.46898295485713426 0.05761619660860911 -0.028658006474183928
-0.004721038360104516 0.0019373446263839349 0.008020959627069855 0.07579454346525179 -0.46898295485713426 0.6365152842051167 -0.05790124721828173 -0.047231564473251164
0.0009466747168971152 0.0008069890437420973 0.004929315794327814 -0.016221907794851484 0.05761619660860911 -0.05790124721828173 0.06418151127672257 -0.23043669081733237
-0.00022460692086449276 0.0007142901262139727 0.00430142225979363 0.005549919070336695 -0.028658006474183928 -0.047231564473251164 -0.23043669081733237 0.940223766979583
2 1 2 1
1.0000000000000002 3.2959746043559335e-17 -7.806255641895632e-17 -3.469446951953614e-18
3.2959746043559335e-17 1.0000000000000004 -1.5265566588595902e-16 -8.326672684688674e-17
-7.806255641895632e-17 -1.5265566588595902e-16 1. -1.1102230246251565e-16
-3.469446951953614e-18 -8.326672684688674e-17 -1.1102230246251565e-16 0.9999999999999999
dA_d
6
2 1 1 2
-0.9087996417807781 0.9205290024597738 -0.44071679614446674 -0.326859127205386 -0.14180520805654165 -0.06621423987138057 0.03369132555758822 0.003638031982169801
-0.316985607890267 0.4484493485108775 0.75566314476527 0.7689217133677976 0.6154891240540725 0.32624562002433855 -0.22381304582271652 -0.028117088598327202
0.07967164136812614 -0.13309236549932582 -0.4119483705240536 -0.5803876390351209 0.8012003166814543 0.5959505992104218 -0.6789280096961917 -0.1066080380907718
0.01018139030555317 -0.019399559534254308 -0.09054013422177583 -0.15308444791471768 0.48994500817316233 0.5108735506401721 1.165961556055025 0.32769404374709193
1 2 0 3
-0.8398808338411095 0.2975265469115249 -0.07854324842903927 0.0165280129635465
-0.7416529051167241 0.36925853775987855 -0.11392275390740554 0.026323361396362644
0.39650469371417735 0.6924093662776456 -0.3776080357258584 0.11574832494187166
-0.2639608406774184 -0.6269237652425318 0.4666286705852997 -0.16055322607395583
-0.0984513158818679 -0.43418383571541147 -0.5057114837364466 0.2921812834745915
0.0872568348697759 0.436765097220823 0.7041917507318713 -0.5104012138769366
-0.010177515115327404 -0.0718583960166527 -0.22397820139232374 -0.20208617301570808
0.015806868301386005 0.13497764931464612 0.5645582858578421 1.0359250790663506
1 2 0 1
-0.7038606846256381 -0.32315338277633776 0.11112657120700756 -0.31911677106210923 0.09140143821968572 0.04207409877072368 -0.08970098375641847 -0.025814070249634485 0.004908914221270598 0.016588225617755782 -0.006427884513909011 -0.0013052120537705347
0.13878784840174999 0.5427465085360943 0.5739477490469059 0.06443101670598914 -0.2624180029236961 0.20436349908045287 0.006142838311162253 0.07426792120123882 0.05372193557968716 0.007897093063449694 0.008827399227100319 0.005651711795406736
0.24466098948301632 0.16635400121455182 -0.0407217536713285 -0.5973024900843225 0.2716772049821987 0.09100181727002793 -0.4100379397303071 -0.14834373021074604 0.0176059009594386 0.11736663567789597 -0.05772270930473194 -0.013581989171487646
0.049974729080841704 0.2045075354026152 0.3040951760167734 -0.11586656344852464 0.4433197415191129 -0.47603110197456033 -0.04635599157364685 -0.33290619915061187 -0.26256306998294293 -0.03786201952249198 -0.07554349843902881 -0.046665386292699236
-0.06445121886804467 -0.06291036662095706 -0.01190723391575924 0.3293749984495319 -0.25512152293243934 0.008956691797438987 -0.5289355072470042 -0.35342445845853276 -0.05189905425874293 0.35661302055810085 -0.30568053043360593 -0.10163063645272044
-0.0015458688179544491 -0.04400345847570682 -0.09456312963146574 0.003098099618828558 -0.21139786841276811 0.38334424586126836 0.05615331018422426 -0.3699455781275319 -0.4652246476286678 -0.14577906759858483 -0.2645150748034924 -0.17760448020158903
-0.01205499404713204 -0.01764809564977929 -0.014365739811900058 0.09116093340620758 -0.11034831600823387 0.06540982674651223 -0.28889952035560185 -0.3342204726723889 -0.15045995042834653 -0.32607772342412067 0.7182405615903119 0.3201248814672582
0.003368981615804164 -0.0008110979011320075 -0.010821998790735185 -0.031086663154165427 -0.009550817941019188 0.08473926810112599 0.17176783183834043 -0.05370072793005497 -0.309904785773246 0.49032160254712237 0.20988751517074788 0.3295810601338895
0 3 -1 2
-0.7597130308377051 0.5101185826586137 0.3508032081606313 0.16698669379902514 -0.0898797626292663 0.057966596694417206 -0.008242666725237144 -0.012698662239193156
-0.2773858533245929 0.27143143765393735 -0.638913938915843 -0.4164911279488586 0.40640931194472824 -0.29525484705821964 0.05972721182425894 0.10860427546084357
-0.0743824694070201 0.08609625620464575 -0.360173548961053 -0.3333100494324961 -0.5064133104281431 0.494802066716387 -0.1941554846812973 -0.4552518314637921
-0.01580612539668292 0.020215247210914458 -0.11196284916720765 -0.11748785195666506 -0.3037667108690878 0.371842728702724 0.19803706520005931 0.8385955679078869
0 1 -1 2
0.8525753981470224 0.14856706946863174 -0.28233831625396655 0.057081354568732104 0.07204883253792675 0.0027295724200030094 0.012163134919792299 0.004531248521388587
-0.5957926077336011 -0.7312142317021026 0.2714472666708578 -0.27287713227733024 -0.09432133155144068 -0.057320182068612065 -0.024841669201151214 -0.0014645735029093863
-0.18089606110259654 0.9146465991657926 0.08659138187772213 0.4599066359044502 0.006817956440318584 0.1423547588786243 0.02298744171823916 -0.015388013278937778
-0.40260314238910166 -0.04829350157343028 -0.6988465420348715 0.12354764851949693 0.36618082001646135 0.0018999701578888417 0.09036372336583215 0.04192342463499822
-0.2043392038962268 -0.3527306696372672 -0.5242000825757366 0.5906955310946385 0.419859552455228 0.2595970119841082 0.16439615408014438 0.014703228629805741
0.06656459507639224 -0.3461508436743728 0.1506466069149442 0.7744719895218944 -0.008498738563600599 0.5923108485171784 0.11837816280900137 -0.12042450386605336
0.1178221461431915 0.0022177684667588817 0.5218224282419344 -0.050696109379849454 0.6376388908707753 -0.06554880892789455 0.31070667972975163 0.23518393888077027
-0.051664443242082934 -0.09093170725728696 -0.2694075096352428 0.41362205043383954 -0.5593832239247485 -0.4042837882906052 -0.48276058270985034 -0.07242601560427092
-0.006601015810843947 0.09898361841521802 -0.028197756369579993 -0.4770089509108453 0.08354274836085683 0.7963390160934306 0.3252445770582884 -0.441559161741983
0.024399978091963398 -0.008241008321395188 0.17002530774188218 0.029660679026001585 0.5185120229685306 -0.13027922426827335 -0.4345758207294788 -0.6880698832650752
0.006712381282332684 0.006807794882959828 0.05644699201230571 -0.06203945145133335 0.27650384997944166 0.22086843893570665 -0.6342596236268715 -0.019308320441243226
-0.004866299315394912 -0.014172209723200498 -0.04396773185885866 0.12085403044446595 -0.2857731827256515 -0.4657581538365737 0.9178394504736486 -0.5757319943934822
-1 2 -2 1
0.5514541385396269 -0.18421651783571882 -0.04517957571573506 0.005659273608870796
0.7291899068058919 -0.34130500022910437 -0.09935949328095128 0.014263676006142029
0.2769011869828422 0.4416584810608377 0.22883159749733953 -0.0486316931615041
-0.27306057535922057 -0.6209592518505297 -0.4475702035476118 0.11523906735975281
0.09242549559781875 0.39328552710073394 -0.4836587535693504 0.2843987972120175
0.06184521761061064 0.29789413904007717 -0.5150419064832545 0.41052945617916425
-0.02380081698229017 -0.15784222574777645 0.47756846067102954 0.8160253705874234
0.0032071272326954668 0.02437155910102695 -0.09021042040919115 -0.26230691995173727
dself_d
6
2 1 1 2
-0.008767438105403548 0.03415658980984463 0.17608471680306725 0.1716565463509965 0.13216979324676556 0.06959861295340825 -0.04925959856720906 -0.006394973763904059
-0.18763704977936177 0.19801304919821322 -0.014477927511096013 0.05109837942357352 -0.259838045257194 -0.17724234259367247 0.21422036053559362 0.035248479245011025
0.09076850285931481 -0.13200700180002362 -0.2555128895665479 -0.2873005277261216 0.017998345814837592 0.08253606520419088 0.27666966273793236 0.07548967624519802
0.01903004673001636 -0.03341048683602707 -0.12255708415040556 -0.18838710107962242 0.40457312445155 0.36069669540860183 0.329836725964493 0.11299209593761246
1 2 0 3
-0.024482774001805957 -0.16043889750930673 0.0820243623589627 -0.025555378077765433
-0.0003135829596967038 -0.14362694797510606 0.10216849090657451 -0.03683166344152218
0.17813234262694688 0.04173819429368539 0.1981785356662782 -0.11923242815050691
-0.15178083711624818 0.016497974247034822 -0.18627522019330575 0.1455895905370164
-0.09668189873126909 -0.2061454545374955 -0.07216231658029063 -0.14596546841305433
0.09607870293114221 0.2603033815752908 0.017146832949428786 0.1928990567200022
-0.01538943071486328 -0.07257194464172209 -0.11272714761672999 -0.09779694222145059
0.028576216693067827 0.17634033551379522 0.4534882469969317 0.2991612348945903
1 2 0 1
-0.031035794991482762 -0.0424670088075821 -0.016424003558821443 0.12576596903664328 -0.04651161386014601 -0.027278438714821617 0.08405697148581358 0.027340857168891425 -0.005745678548060125 -0.024791523183369545 0.011519740481123659 0.0024262193380567036
0.03282061183567407 0.03841554069627279 0.040907046287887515 -0.015479474203072269 0.09397216022956514 -0.10203077689142527 -0.0048488349116964456 -0.06770811180345512 -0.05496582492708694 -0.01064141527664441 -0.014523485815208192 -0.009675810389789877
0.15186117104294872 0.08097701431839756 -0.012826240401968128 -0.012677831473154435 0.04594178671235295 -0.00971515588688082 0.17042035705506836 0.08008436393394486 -0.01148592851491769 -0.11481658306247233 0.07369123297735002 0.01824702946301487
0.03723208893386141 0.12517876940852038 0.13485217906585742 -0.022698539374354152 0.018797853444413353 -0.04953424728617381 0.01335316918742889 0.13795655170776303 0.13860263815808307 0.03236767898185637 0.08714819190928401 0.056954919309979896
-0.07414305753360696 -0.06408389833916532 -0.010155283543486594 0.20409930765990592 -0.12894135187319872 0.0032526983401361654 0.0012064140630606611 -0.030906589064024305 0.005122513230106751 -0.1593382083794975 0.22885198636636597 0.08291956291860016
-0.001962105761965642 -0.05006181934782268 -0.09193123581124392 0.002291813286472504 -0.13239819637081487 0.18633232913960907 0.010047893963976656 0.003688505028039709 -0.05244178765258091 0.04727962871236187 0.1663498599251961 0.12367400734002686
-0.02025112113857918 -0.027329612392829727 -0.019875873073511827 0.10504784149793468 -0.11475077172957132 0.05898360700036378 -0.17687702646499073 -0.16314664272894827 -0.05615446390534432 0.03261644838173821 -0.14685409011338987 -0.08838191340112768
0.006655432121877678 -0.0014959003079153678 -0.01817470532055643 -0.045029940284385145 -0.012763051883278156 0.10156845792560427 0.15645233521310586 -0.04233551520314346 -0.20955118752398003 0.16857857446200464 -0.023281896705439772 0.06834275144201098
0 3 -1 2
-0.055477170664918585 0.05428628753078747 -0.12778278778316862 -0.08329822558977173 0.08128186238894565 -0.05905096941164393 0.011945442364851788 0.021720855092168714
-0.172981145575183 0.1263754151705545 -0.03171182191762799 -0.060876979716731526 -0.16121126688060056 0.15154447802699375 -0.05656399727412991 -0.13130439531809573
-0.08393196960798661 0.08377517112829887 -0.219497220184355 -0.15850046612288368 0.009722036790721506 0.04529941789440796 0.08549545834258616 0.321215953981393
-0.025766843241079296 0.029824618017582728 -0.12476777726858809 -0.11546198805807545 -0.17542671665813875 0.17140446384857352 -0.06725743280723356 -0.1577038604668143
0 1 -1 2
0.0575512450523228 -0.02352740954160245 0.15136802943131059 -0.038186034311475846 -0.07728834095843656 -0.0032397123879385507 -0.01966798303447055 -0.00851042608939101
-0.0022768327095866645 -0.012312937257940856 -0.10909690877344576 0.14625062916717202 0.08875406103631814 0.06048952049626386 0.03690744289124739 0.0025585250151499393
-0.04248867252350163 0.023905711973083835 -0.019834101412093474 -0.16880275546349213 -0.005284853967358545 -0.12665814803387693 -0.030359023800496716 0.024344730579973217
-0.1927633529327119 -0.015332732128355238 -0.07163248920918462 -0.014487316184783994 -0.19838691367760206 -0.0012486491880419883 -0.09844652962615816 -0.05664414562707347
-0.12123215423524043 -0.1533701640817388 0.007819958323536413 0.02957284325118034 -0.17943192323411744 -0.14112426801890288 -0.16061605003097618 -0.018216026426150903
0.048764506663684724 -0.19928043815652513 0.029432644864002204 0.001121138078880536 0.0024190900175718776 -0.23877530926734777 -0.0993025483345354 0.13260502217814946
0.12031663005503389 0.0019196944731100839 0.26114456057733043 -0.018491481071756126 0.07381367610113461 0.006022629503497639 -0.17067731201141506 -0.19126253948395427
-0.05906304551000422 -0.08983038569076811 -0.16822580936044199 0.20296879328789488 -0.009616387144813447 -0.0603060542917709 0.20526302768888985 0.05002178620654422
-0.008280947335595005 0.10881733556836551 -0.020777122375148685 -0.28812873395331406 0.01502923524719589 0.008631313592709446 -0.10089250483357093 0.25536207600586364
0.03851596392694805 -0.011732444707889495 0.1806609587242387 0.02760980872757733 0.2721272191730223 -0.05309710746900339 -0.07677440140051747 0.16797585624035077
0.012593308386388327 0.011719021027736 0.07681670482266365 -0.0762795104547479 0.22850394415119277 0.15713991736421348 -0.16973121304064304 0.09468251468171725
-0.009454474483346728 -0.025342038778979073 -0.06277215137412395 0.15667577972922436 -0.2553684699679379 -0.36276526837367457 0.31126576133570855 -0.0023652479825472944
-1 2 -2 1
0.05143870205908683 0.09497401342683304 0.048031942787375166 -0.010147109355695369
0.048625963601359755 0.12176640420855919 0.09019669964107302 -0.023367869233884488
0.13177777344281294 0.05956056763295407 -0.1245077443566505 0.0621366403172472
-0.16650787765153455 -0.028091411930804732 0.18357222342414456 -0.13210395400548686
0.09377832443521132 0.19869946122852916 -0.045917394225742536 -0.2113333896427088
0.0698192808805696 0.18509032304292675 0.0083438065888162 -0.2578383803603528
-0.03711300428377384 -0.16644438252218602 0.241510363632233 -0.14865856420578769
0.00583870780462231 0.032081915862685204 -0.06953965743301993 0.06304298795656743
snph
6
-2 1 -2 1
0.15942267713583425 0.3984078904634875 -0.004087644776685544 -0.0021909410864253756
0.3984078904634875 1.1357345791530815 -0.5280040646532626 -0.03120533783728402
-0.004087644776685544 -0.5280040646532627 1.9650295911352589 0.4689078413579034
-0.0021909410864253756 -0.031205337837284075 0.4689078413579034 2.7398131525758265
-1 2 -1 2
0.09015957559361022 -0.09090236528954687 0.25736118834434224 0.14135089994444947 -0.01282096392540326 -0.0033019135058571162 0.0004982729093712533 -0.0017878097658292492
-0.09090236528954687 0.09215330561876475 -0.27017531519701204 -0.1390303872720825 -0.0089197314167525 0.01944515578360535 -0.001781385479217816 0.0014008767857269183
0.25736118834434224 -0.27017531519701204 1.0295732556165478 0.08907402730758188 0.3165841078351671 -0.24809108754568254 0.01124043074337516 -0.017204209750838778
0.14135089994444947 -0.1390303872720825 0.08907402730758188 1.113752628029139 0.2959306737795938 -0.22163694306272272 -0.001014958118560224 -0.040644686518526915
-0.01282096392540326 -0.0089197314167525 0.3165841078351671 0.2959306737795938 1.9073093100011609 0.01775997103125207 -0.12783445790520848 -0.2897933624936577
-0.0033019135058571162 0.019445155783605353 -0.24809108754568257 -0.22163694306272272 0.017759971031252066 2.0469694185293537 0.15629499245447193 0.32740247667998834
0.0004982729093712551 -0.0017813854792178177 0.01124043074337516 -0.001014958118560224 -0.12783445790520848 0.15629499245447187 2.9538910827992413 -0.10330913452111001
-0.0017878097658292561 0.0014008767857269183 -0.017204209750838778 -0.04064468651852697 -0.28979336249365784 0.32740247667998834 -0.10330913452111001 2.766191423812182
0 1 0 1
0.0561861115699395 0.02128499837242036 0.09118846215021739 -0.06597568071109197 0.2153232166457556 -0.001998601446284614 -0.026905958607097775 0.0024643074320003996 0.001114912630976959 -0.00022416280780140072 -0.0016234738562050292 0.00023361494420877396
0.02128499837242036 0.1913237893067643 -0.011114177917236439 -0.3695423410431603 -0.020270496556056092 -0.21114437812841538 0.005316139166429904 0.0028114260518644673 0.0015324396571825796 -0.0033487918247286554 -0.0006197070723507115 -0.0021432612852778075
0.09118846215021739 -0.011114177917236439 0.16217833474399812 -0.02443130437674971 0.40010506249520045 0.050210456992223845 0.012289967848344576 0.006094450438089365 0.03950150800012941 0.0005098026467058271 -0.0016063884067881737 0.0005561083194103115
-0.06597568071109197 -0.3695423410431603 -0.02443130437674971 0.9559369680773192 -0.029099528068492978 0.08352550747177381 -0.08920135641692435 -0.3054855611118542 -0.0010805484455677834 0.02840504042392481 0.005945974995190631 0.005871243238793215
0.2153232166457556 -0.020270496556056092 0.40010506249520045 -0.029099528068492978 1.1295024155371192 0.003062953190450382 0.4540736721904805 -0.0054154422794579155 0.31101470927473673 0.0076001114120048795 -0.035472550683038236 0.0057053051736572526
-0.001998601446284614 -0.21114437812841538 0.050210456992223845 0.08352550747177381 0.0030629531904503853 1.215322586982067 -0.009434373494636142 -0.4719657434048016 0.08598563757967538 -0.0014511445861884239 0.016273023910322763 0.06085064038790668
-0.026905958607097775 0.005316139166429902 0.012289967848344574 -0.08920135641692435 0.4540736721904805 -0.009434373494636142 1.8367523026879569 0.008904948000405881 -0.030139958861945343 0.04050082489060326 -0.26890398031940693 0.03581690708143015
0.0024643074320003996 0.0028114260518644655 0.006094450438089366 -0.3054855611118542 -0.00541544227945791 -0.4719657434048016 0.008904948000405909 1.9543465520133798 0.0189287720406655 0.33815867531745764 -0.11572589566267001 -0.3498999990991392
0.0011149126309769597 0.001532439657182578 0.03950150800012941 -0.001080548445567776 0.3110147092747368 0.08598563757967538 -0.0301399588619453 0.018928772040665464 2.0979164961354653 -0.03681630282020586 -0.37070887130250874 0.15588041309253003
-0.0002241628078014001 -0.0033487918247286563 0.0005098026467058301 0.028405040423924804 0.007600111412004892 -0.0014511445861884343 0.04050082489060328 0.3381586753174577 -0.03681630282020586 2.8665955888792025 0.04451459295886794 0.1476803950320062
-0.0016234738562050305 -0.0006197070723507124 -0.0016063884067881778 0.00594597499519063 -0.03547255068303828 0.016273023910322825 -0.268903980319407 -0.11572589566267004 -0.3707088713025087 0.0445145929588678 2.7253769823950384 0.03042752131855628
0.00023361494420877396 -0.0021432612852778075 0.000556108319410309 0.00587124323879322 0.0057053051736572725 0.06085064038790671 0.03581690708143015 -0.3498999990991392 0.15588041309252995 0.14768039503200595 0.03042752131855624 2.808561871671752
0 3 0 3
0. 0. 0. 0.
0. 1. 0. 0.
0. 0. 2. 0.
0. 0. 0. 3.
1 2 1 2
0.06894870370812839 0.08797441225189574 0.2039442731122168 -0.15502900297643135 -0.013818577537572024 -0.00014966301818508318 0.000420425135350482 0.0016199633473424416
0.08797441225189574 0.11279971695245249 0.27249285858855954 -0.1946586991666995 0.001534305250578183 -0.019863223811544987 0.002009470961365065 0.00151813840521009
0.2039442731122168 0.27249285858855954 1.006556429665801 -0.07376801165273461 0.23395964795281943 -0.2546474147629649 0.01293055782073834 0.012194363926977175
-0.15502900297643135 -0.1946586991666995 -0.07376801165273461 1.1370692195908754 -0.292809372175194 0.3047601180041627 -0.0047274118352366445 -0.04124489636301609
-0.013818577537572025 0.0015343052505781812 0.23395964795281943 -0.292809372175194 1.9156564401630363 0.03880604355582884 -0.0957972362781512 0.23492850178582886
-0.00014966301818508318 -0.019863223811544987 -0.2546474147629649 0.3047601180041627 0.03880604355582884 2.0400375708987166 0.16711796403016912 -0.37512518470392753
0.000420425135350482 0.002009470961365065 0.01293055782073834 -0.0047274118352366445 -0.0957972362781512 0.1671179640301691 2.9585181969993557 0.09903123107427597
0.0016199633473424416 0.00151813840521009 0.012194363926977175 -0.04124489636301615 0.23492850178582886 -0.37512518470392753 0.0990312310742762 2.760413722021636
2 1 2 1
0.1594226771358342 -0.3984078904634874 -0.004087644776685467 0.0021909410864254034
-0.3984078904634874 1.1357345791530817 0.5280040646532626 -0.03120533783728391
-0.00408764477668546 0.5280040646532626 1.9650295911352589 -0.4689078413579031
0.0021909410864254034 -0.031205337837283964 -0.4689078413579033 2.7398131525758256
sdispl
6
-2 1 -2 1
0.7983367389460588 0.996019726158719 -0.010219111941713571 -0.0054773527160635604
0.9960197261587188 0.7251528509682492 -1.3200101616331574 -0.07801334459320919
-0.010219111941713488 -1.3200101616331577 0.08868574660095829 1.172269603394757
-0.005477352716063557 -0.07801334459320905 1.1722696033947573 -1.6121753365152658
-1 2 -1 2
0.5271120414433151 -0.4141162802785635 0.9592385682598269 -0.009520303022483571 0.005028797825055367 -0.0034196870541057336 -0.0011914498176638904 -0.0033573664839907985
-0.4141162802785636 0.2720660723148609 -0.030960171459081323 -1.0347417190146913 -0.014453274764422288 0.008042676365436123 0.0018533260778733143 0.005119989735154928
0.9592385682598269 -0.030960171459081295 0.49871348702962603 0.3480375974453692 1.305742498020622 -0.18758768429473135 -0.021131655724625248 -0.048586626605033476
-0.0095203030224835 -1.0347417190146913 0.3480375974453692 0.21682785483724798 -0.2735396492924211 -1.3783014272604057 -0.03388135270211241 -0.06674498908206834
0.0050287978250553225 -0.014453274764422297 1.305742498020622 -0.273539649292421 0.12230295811824121 -0.03114338838856305 -1.3745226525442464 -0.5267931662544006
-0.003419687054105734 0.008042676365436053 -0.18758768429473122 -1.3783014272604057 -0.031143388388563044 -0.06354912671739793 -1.0130368617486754 1.0596978972783198
-0.0011914498176638952 0.0018533260778733106 -0.021131655724625234 -0.03388135270211242 -1.3745226525442464 -1.0130368617486751 -0.06105952316822933 -0.4429332434994696
-0.0033573664839907616 0.005119989735154906 -0.048586626605033434 -0.06674498908206826 -0.5267931662544005 1.0596978972783195 -0.4429332434994695 -1.5124137638576636
0 1 0 1
0.1299911746344529 0.6141291537778854 0.018695069696910357 -0.9252569161570122 -0.01299285076943509 0.0009750942062730176 0.0013389129241027015 0.002774049983782474 0.00018560200168021965 0.0012661775888409407 -0.0010361053171680083 -0.0017699581748165248
0.6141291537778854 -0.04064177204099845 0.6005865933621005 -0.026766318642524985 0.9817152435001045 0.00924453803213124 0.014154508076519993 0.0009505414811401266 0.006171113725838004 0.0003899973752862019 -0.005451553370907589 0.0012619650122394975
0.01869506969691036 0.6005865933621004 -0.08729400388825766 -0.0194612285812821 0.024283035971893137 -1.0774918728689056 0.003729214518427137 0.02951284677729878 -0.0030187384766406583 0.004921769008273678 -0.0018985253696379965 -0.0072439650011227805
-0.9252569161570123 -0.026766318642524944 -0.019461228581282 0.14012395464385016 -0.5525277194603759 0.008158606024924828 -1.2926778989484773 -0.0368161424453492 -0.08006875128499218 -0.007295727031938168 0.03382389489978979 -0.0020991151398304904
-0.012992850769435097 0.9817152435001045 0.024283035971893196 -0.552527719460376 -0.053346546163557586 -0.4782625633451271 -0.03887583077449391 1.3080387337765762 -0.04674531352057346 0.05897286468160461 -0.02226700044879275 -0.06147705964538559
0.0009750942062731088 0.009244538032131254 -1.0774918728689056 0.008158606024924846 -0.47826256334512707 -0.08755378065198587 0.17891284901919474 -0.07299788167191257 -1.3940172644331192 -0.00015756246748024398 0.10361541186154956 -0.03369649622269604
0.0013389129241026926 0.014154508076520004 0.003729214518427152 -1.2926778989484773 -0.038875830774493865 0.17891284901919477 0.036406936527768996 0.15816272105538506 -0.0347195352185529 1.4630172381099216 -0.16571095297957122 -0.2542251945156117
0.0027740499837824624 0.0009505414811401564 0.02951284677729878 -0.036816142445349226 1.3080387337765762 -0.07299788167191262 0.15816272105538498 -0.0593801109373183 -0.09260907171477498 -0.2322561715515494 -1.0980758614240025 0.19908199917639222
0.00018560200168020599 0.00617111372583794 -0.0030187384766406774 -0.08006875128499215 -0.046745313520573366 -1.3940172644331192 -0.03471953521855287 -0.0926090717147748 0.023234481599839953 -0.7769113084864215 -0.21250835543878657 -1.1577289292879378
0.0012661775888409394 0.00038999737528620093 0.0049217690082736685 -0.00729572703193815 0.058972864681604696 -0.00015756246748020877 1.4630172381099216 -0.23225617155154935 -0.7769113084864216 -0.03314668269988798 0.6875204728004667 -0.16947226242674301
-0.0010361053171680336 -0.005451553370907581 -0.0018985253696380108 0.033823894899789736 -0.02226700044879277 0.10361541186154949 -0.1657109529795713 -1.0980758614240025 -0.21250835543878663 0.6875204728004668 -0.7781871306873445 -1.2765323919683436
-0.0017699581748165255 0.001261965012239458 -0.007243965001122783 -0.0020991151398304575 -0.061477059645385586 -0.033696496222696014 -0.25422519451561176 0.19908199917639216 -1.1577289292879378 -0.169472262426743 -1.2765323919683436 0.8097934796634354
0 3 0 3
0. 1. 0. 0.
1. 0. 1.4142135623730951 0.
0. 1.4142135623730951 0. 1.7320508075688772
0. 0. 1.7320508075688772 0.
1 2 1 2
-0.42627806795037354 -0.43200826410063026 -0.958363349996664 0.005561381496925203 -0.0034184232099072863 0.0032638879957588435 0.0008940590925607637 -0.0028537188548675985
-0.43200826410063026 -0.3718936187567349 0.005237674194218693 1.0361020286233347 -0.0128815758208304 0.00979107565250631 0.0016974578793757557 -0.005350612179174236
-0.9583633499966637 0.0052376741942186545 -0.394155470458976 0.3740347375054143 -1.3156701345821407 0.20244978524765306 0.01569511008144374 -0.04029485019745188
0.005561381496925226 1.0361020286233344 0.3740347375054143 -0.3216634847151696 -0.30670658659642647 -1.3604551629288388 -0.033424958816947375 0.07182197970383503
-0.0034184232099072794 -0.012881575820830379 -1.31567013458214 -0.30670658659642636 -0.10551608658120261 0.0604283782763424 1.5101219611275107 -0.3915642283619468
0.0032638879957588435 0.009791075652506339 0.20244978524765317 -1.360455162928839 0.0604283782763424 0.04654115744028403 0.8079892133148155 1.1071337255279012
0.0008940590925607846 0.0016974578793757696 0.01569511008144375 -0.033424958816947396 1.510121961127511 0.8079892133148157 0.03577760980344148 -0.4023310158191173
-0.002853718854867607 -0.005350612179174284 -0.040294850197451965 0.07182197970383518 -0.39156422836194676 1.1071337255279012 -0.40233101581911734 1.5371879612187302
2 1 2 1
-0.7983367389460587 0.996019726158719 0.01021911194171328 -0.0054773527160635604
0.9960197261587189 -0.7251528509682498 -1.3200101616331574 0.07801334459320908
0.010219111941713304 -1.3200101616331577 -0.08868574660095796 1.1722696033947568
-0.005477352716063581 0.07801334459320902 1.172269603394757 1.612175336515266
sdispl^2
6
-2 1 -2 1
1.62953127528997 1.5313423223629332 -1.3302416758873181 -0.08522470336857979
1.531342322362933 3.2664148609140824 -1.1759063283241817 -1.4836637491801754
-1.3302416758873183 -1.175906328324182 3.124612441757142 -1.6829061560583114
-0.08522470336857985 -1.4836637491801759 -1.682906156058311 3.979441422038808
-1 2 -1 2
1.369618339362584 -0.35091938743793666 1.0009152054960029 0.7588741844332377 1.2678866709140986 -0.17424276320345797 -0.023231347384925702 -0.050528224521722925
-0.3509193874379368 1.317464429489817 -0.8018976859728255 -0.5202479492703123 0.22933935382828227 1.4390851960981035 0.046048163810508067 0.08092364157776931
1.0009152054960029 -0.8018976859728255 3.0339022920294467 0.1772777396602591 0.7814399331991568 -0.6356067358924272 -1.6054593721994244 -0.8546391066182994
0.7588741844332377 -0.5202479492703123 0.17727773966025887 3.219067152859569 0.5012457565330453 -0.31272890683278043 1.787281547916549 -1.2371791381629378
1.2678866709140988 0.22933935382828227 0.7814399331991569 0.5012457565330454 3.9627730834055357 0.964316147981856 0.16234573177259698 1.2628449599415394
-0.1742427632034579 1.4390851960981035 -0.6356067358924273 -0.31272890683278026 0.964316147981856 4.089192061494359 -0.2496532430902227 -1.103769108145127
-0.023231347384925702 0.046048163810508067 -1.6054593721994248 1.787281547916549 0.16234573177259704 -0.249653243090223 3.1170736764901776 0.3508213500704386
-0.050528224521722925 0.08092364157776924 -0.854639106618299 -1.2371791381629376 1.2628449599415394 -1.1037691081451273 0.3508213500704389 3.890908964868512
0 1 0 1
1.2506872864710594 0.07814617974838832 0.3863837606740145 -0.26142917289428386 1.1168962256697506 -0.016029475455575464 1.2086303465680843 0.019015292676430092 0.07807630343584192 0.007196167888321692 -0.03379479761283723 0.002789370577038461
0.07814617974838833 1.704348144258851 -0.05089096991965228 -1.1439438493227854 -0.07482575747368692 -1.1241965262829974 0.0021804529119306463 1.3115798238532939 -0.05962591221829111 0.07352434065378252 -0.025163505144457605 -0.06873594120008844
0.38638376067401453 -0.0508909699196523 1.5316054774100571 -0.06235968581418315 1.1514017705505246 0.18496260527845632 -0.14609831471722773 0.10779709198031866 1.5084721165736097 0.002277945977548271 -0.13424692741036887 0.040358494311390186
-0.26142917289428386 -1.1439438493227856 -0.062359685814183156 2.8621679759075676 -0.061791168540083784 0.1711064789267043 -0.22573631329669885 -0.9623653861889553 0.0502979421411895 -1.8314862597889514 0.26202494904617135 0.4055026360684537
1.1168962256697506 -0.07482575747368694 1.1514017705505246 -0.061791168540083846 3.223805944139469 0.008256953143785958 0.9574036136704631 -0.09388755992254603 0.6286391399550427 -0.3297578539427253 -1.3560400931714738 0.3146963064178644
-0.016029475455575464 -1.1241965262829974 0.18496260527845632 0.17110647892670425 0.008256953143785788 3.3900367193160625 0.02302939727081777 -0.6100021893795464 0.1323385685157123 1.4051395614808393 0.3128716166226832 1.4344990266318713
1.2086303465680843 0.0021804529119306324 -0.14609831471722776 -0.22573631329669888 0.957403613670463 0.023029397270817806 3.964809703975508 -0.22505411039530565 -0.9678247297722955 -0.06870022895897797 1.2626003709196347 -0.18078455274865782
0.019015292676430148 1.3115798238532939 0.1077970919803185 -0.9623653861889553 -0.09388755992254598 -0.6100021893795466 -0.22505411039530554 3.0549941082726533 0.2246465672366342 -0.38628673889518966 0.46136862615891383 1.579396609849326
0.07807630343584185 -0.05962591221829116 1.5084721165736097 0.0502979421411895 0.6286391399550426 0.13233856851571232 -0.9678247297722953 0.2246465672366345 3.951336476201234 0.02654863066220263 1.0654778531640603 -0.5210474094704751
0.007196167888321645 0.07352434065378265 0.002277945977548227 -1.8314862597889512 -0.3297578539427253 1.4051395614808395 -0.06870022895897793 -0.38628673889518966 0.026548630662202664 3.3040145306518927 -0.16536374176488466 -0.5316256675112341
-0.03379479761283723 -0.02516350514445766 -0.13424692741036873 0.26202494904617124 -1.3560400931714738 0.3128716166226832 1.262600370919635 0.46136862615891383 1.0654778531640599 -0.16536374176488475 3.9985955032397404 -0.08949920575295155
0.002789370577038374 -0.06873594120008841 0.040358494311390186 0.40550263606845355 0.3146963064178643 1.4344990266318716 -0.1807845527486577 1.5793966098493262 -0.521047409470475 -0.531625667511234 -0.08949920575295155 3.7635981301559087
0 3 0 3
1. 0. 1.4142135623730951 0.
0. 3. 0. 2.449489742783178
1.4142135623730951 0. 5. 0.
0. 2.449489742783178 0. 3.
1 2 1 2
1.28686665268278 0.34565210691512627 0.7913781789294924 -0.8138521751661176 1.2692319539730499 -0.20969933696201323 -0.017686863602754635 0.042750206242702704
0.3456521069151262 1.3987641614435782 0.8167190716301052 -0.7288498968386151 -0.31179365610871757 -1.4184362935712767 -0.04489519524189345 0.08440269400900513
0.7913781789294922 0.8167190716301052 2.9875920936123856 -0.14296203817467187 0.5976059136567761 -0.6937427614934836 -1.8260080715085305 0.7165061835556356
-0.8138521751661176 -0.728849896838615 -0.142962038174672 3.26809053018325 -0.5352619648864061 0.49415329608353925 -1.5741037072083335 -1.3059925175863085
1.2692319539730497 -0.31179365610871773 0.5976059136567761 -0.535261964886406 4.273810569746695 0.9338506743266949 0.09062745149101314 -1.0701929636425087
-0.20969933696201346 -1.4184362935712764 -0.6937427614934837 0.49415329608353936 0.9338506743266947 3.7763400072852122 -0.23899717183663569 1.2987292377569353
-0.017686863602754694 -0.04489519524189349 -1.8260080715085307 -1.5741037072083335 0.09062745149101323 -0.23899717183663577 3.0978324350232787 -0.33265518121099136
0.0427502062427028 0.08440269400900527 0.7165061835556357 -1.3059925175863083 -1.0701929636425085 1.298729237756935 -0.33265518121099136 3.9107035500228244
2 1 2 1
1.6295312752899698 -1.5313423223629328 -1.3302416758873181 0.08522470336857968
-1.531342322362933 3.266414860914083 1.1759063283241822 -1.4836637491801754
-1.3302416758873181 1.175906328324182 3.124612441757141 1.6829061560583114
0.08522470336857951 -1.483663749180175 1.6829061560583112 3.9794414220388075
sSigmaHd
6
-2 1 -2 1
0.15966734778921177 0.1992039452317438 -0.00204382238834272 -0.0010954705432127156
0.1992039452317438 0.1450305701936499 -0.26400203232663155 -0.015602668918641815
-0.0020438223883426985 -0.26400203232663155 0.017737149320191645 0.23445392067895143
-0.0010954705432127208 -0.015602668918641798 0.23445392067895138 -0.32243506730305316
-1 2 -1 2
0.12242793897844473 -0.05934532843838724 0.19488390282854717 -0.0026698722019051985 0.0011047455460726438 -0.0004429147333022423 -0.00028859713429341604 -0.0006779662106385116
-0.05934532843838724 0.08732735369933367 -0.00480488206872065 -0.2040014656304999 -0.0036267508238965454 0.0016312408367420836 0.00040594454644468734 0.0009861114752071024
0.19488390282854717 -0.004804882068720647 0.11606596854784584 0.04671325983696225 0.264887670488958 -0.03697404274166353 -0.004561569835389825 -0.009529055413843066
-0.0026698722019052002 -0.20400146563049984 0.04671325983696225 0.07705315096864332 -0.05571827719580157 -0.27186234394402614 -0.007536008306027266 -0.0136420975017039
0.00110474554607267 -0.003626750823896551 0.26488767048895806 -0.055718277195801594 0.04836181381481343 0.018207929245474548 -0.2780635503988402 -0.10641299881334741
-0.0004429147333022454 0.0016312408367420864 -0.036974042741663535 -0.27186234394402614 0.018207929245474513 0.01360859209854037 -0.20058025032441043 0.20925137544613712
-0.00028859713429341507 0.00040594454644468745 -0.004561569835389823 -0.007536008306027268 -0.2780635503988402 -0.20058025032441043 0.03376057972575787 -0.1016393460276099
-0.0006779662106385109 0.0009861114752070953 -0.009529055413843034 -0.013642097501703875 -0.10641299881334736 0.20925137544613712 -0.1016393460276099 -0.2986053978333792
0 1 0 1
0.06786309234791514 0.08702234944535145 0.0029666403483333387 -0.19097057208091822 -0.003192274866762164 0.000639915240155401 0.00032600977185201366 0.0002803293246397142 0.00003506211543721513 0.000346528045833949 -0.00020830303945689014 -0.00036639403856462955
0.08702234944535144 0.0444011457087474 0.08649879500834687 -0.00461257346744627 0.19722295978451782 0.0022036350920999347 0.00379156446123708 0.00015550647364763598 0.0008895304268314926 0.00007359958171074191 -0.0010743956036554036 0.0002545625937638009
0.0029666403483333483 0.08649879500834687 0.03801072636171155 -0.0024340797881464695 0.00405581131672208 -0.20902751611761766 0.0008020582879849713 0.006988877593552486 -0.0006981796172819774 0.0010843521154787173 -0.00035910878062307363 -0.001378845574107638
-0.19097057208091822 -0.0046125734674462675 -0.002434079788146471 0.06862915303840945 -0.07508923070588006 0.0008309629963106978 -0.2658944265385282 -0.0067480139474561706 -0.0159320849711655 -0.0016130012039993428 0.0064349142954180285 -0.00034108852733574443
-0.0031922748667621613 0.19722295978451784 0.0040558113167220985 -0.07508923070588006 0.04237045603762596 -0.06290808379631774 -0.008930357799859895 0.2620046205482008 -0.009937634640704823 0.013226413968741886 -0.0045100517528500325 -0.012197446726323748
0.0006399152401554007 0.0022036350920999316 -0.20902751611761763 0.0008309629963107047 -0.06290808379631775 0.03879786062024697 0.036314456926468335 -0.01336675814555914 -0.2710901526712141 0.00011376743170249578 0.021436160266670938 -0.0069345111024478115
0.00032600977185201545 0.0037915644612370692 0.0008020582879849725 -0.2658944265385282 -0.008930357799859881 0.03631445692646834 0.049855679614566814 -0.0016202228738962268 -0.00658445082987168 0.2992229677491329 -0.03346075724297459 -0.052424500868076304
0.0002803293246397131 0.00015550647364763327 0.006988877593552478 -0.006748013947456173 0.2620046205482008 -0.013366758145559128 -0.0016202228738962413 0.03658696169108179 -0.0531257494202224 -0.04704103122854721 -0.21852542921187695 0.04032288525928994
0.000035062115437215936 0.0008895304268314885 -0.0006981796172819715 -0.015932084971165508 -0.00993763464070482 -0.27109015267121406 -0.006584450829871675 -0.0531257494202224 0.06365028284087268 -0.1512756571476261 -0.04100899326655229 -0.22653643502321277
0.0003465280458339512 0.0000735995817107475 0.0010843521154787197 -0.0016130012039993447 0.01322641396874189 0.00011376743170249195 0.29922296774913293 -0.0470410312285472 -0.15127565714762614 0.04229943029802352 0.15807311135010885 -0.03860036074796834
-0.00020830303945689125 -0.0010743956036554107 -0.0003591087806230757 0.006434914295418017 -0.004510051752850084 0.021436160266670938 -0.03346075724297459 -0.21852542921187695 -0.04100899326655231 0.15807311135010885 -0.12888633181995995 -0.29345795129827046
-0.0003663940385646336 0.0002545625937638007 -0.0013788455741076393 -0.0003410885273357483 -0.01219744672632374 -0.0069345111024478046 -0.05242450086807629 0.04032288525928993 -0.2265364350232128 -0.03860036074796834 -0.29345795129827046 0.236421543260758
0 3 0 3
0.05 0.2 0. 0.
0.2 0.05 0.28284271247461906 0.
0. 0.28284271247461906 0.05 0.34641016151377546
0. 0. 0.34641016151377546 0.05
1 2 1 2
-0.008576810981506615 -0.06166341235186992 -0.194853832446227 0.0009744439833978609 -0.0007484994869176639 0.00041672568114654515 0.0002261455543570135 -0.000581974117016746
-0.06166341235186993 -0.001042983331690599 0.001303342987287565 0.20411655398088555 -0.003309853345195611 0.0020550823618204796 0.00037984102806226053 -0.0010344079295241532
-0.194853832446227 0.0013033429872875832 -0.0024100205578627036 0.05035574410186719 -0.2669636652239589 0.0408910050308841 0.003385487806005151 -0.007843898926500711
0.0009744439833978934 0.20411655398088555 0.050355744101867175 0.009208249305364803 -0.06083140624647883 -0.2683013054125052 -0.007496087153132044 0.01464189189428386
-0.0007484994869176617 -0.0033098533451956067 -0.2669636652239589 -0.060831406246478814 0.04687419175013274 -0.011363472087588228 0.3049052020559326 -0.07974574599609857
0.0004167256811465445 0.0020550823618204683 0.04089100503088411 -0.26830130541250524 -0.011363472087588235 0.09113399569831268 0.15870278030204898 0.21906516688191774
0.0002261455543570124 0.00037984102806225945 0.003385487806005151 -0.00749608715313204 0.30490520205593263 0.158702780302049 0.060364597524524444 -0.09198803770469008
-0.0005819741170167395 -0.0010344079295241523 -0.007843898926500704 0.014641891894283846 -0.07974574599609857 0.21906516688191768 -0.09198803770469008 0.4044487805927252
2 1 2 1
-0.059667347789211705 0.19920394523174378 0.002043822388342661 -0.0010954705432127156
0.19920394523174378 -0.04503057019364995 -0.26400203232663155 0.015602668918641788
0.0020438223883426513 -0.2640020323266316 0.08226285067980843 0.23445392067895135
-0.0010954705432127052 0.015602668918641774 0.23445392067895132 0.4224350673030532
# Discretization tables (legacy form):
z
24
0.47223280211091606
0.25572839983901646
0.1332084596214436
0.06736434899992408
0.03378021280456334
0.01690245706597741
0.008452775369247299
0.0042265811345173635
0.0021133147472571917
0.0010566603975080272
0.0005283305725631459
0.0002641653342955282
0.0001320826689708394
0.00006604133600102849
0.00003302066401129337
0.000016510332794718157
8.255162317321432e-6
4.127581936379152e-6
2.0637868867341837e-6
1.0318942209046098e-6
5.159430289796127e-7
2.579722920103651e-7
1.28982064551665e-7
6.44918097395718e-8
3.22418234944753e-8
24
0.
0.
0.
0.
0.
0.
0.
0.
0.
0.
0.
0.
0.
0.
0.
0.
0.
0.
0.
0.
0.
0.
0.
0.
0.
