-3 -5.92199002339e-07
-2.72727272727 -1.70653063007e-06
-2.47933884298 -4.28102679823e-06
-2.2539444027 -9.69863518127e-06
-2.0490403661 -2.10731415398e-05
-1.86276396918 -4.62988309611e-05
-1.69342179016 -0.000102268099193
-1.53947435469 -0.00021389858703
-1.39952214063 -0.000398524014772
-1.27229285512 -0.000639314626104
-1.15662986829 -0.000878930965301
-1.05148169844 -0.0010678501535
-0.955892453131 -0.00124644499427
-0.86899313921 -0.00157355714413
-0.789993762918 -0.00223557520412
-0.718176148107 -0.00328283405456
-0.65288740737 -0.00452125560196
-0.5935340067 -0.00555046883027
-0.539576369728 -0.00594307607118
-0.49052397248 -0.00548195097068
-0.445930884072 -0.00431213225636
-0.405391712793 -0.00286901993482
-0.368537920721 -0.00160999617653
-0.335034473383 -0.000771509328008
-0.304576793984 -0.000331155371337
-0.276887994531 -0.00011879224984
-0.251716358665 0.00010564936075
-0.228833053332 0.00069792257846
-0.208030048483 0.00220132549034
-0.189118225894 0.00519534134847
-0.171925659904 0.00974588527653
-0.156296054458 0.0147787762381
-0.142087322234 0.0182206639078
-0.12917029294 0.0182943616116
-0.117427539037 0.0149475885493
-0.106752308215 0.0098994091366
-0.0970475529228 0.00525115927264
-0.0882250481117 0.00214762682842
-0.0802045891924 0.000591846699678
-0.0729132629022 0.000120137810097
-0.0662847844565 0.000554739273185
-0.0602588949605 0.00254561952304
-0.0547808136004 0.00787942656774
-0.0498007396368 0.0190395247325
-0.0452733996698 0.03718905932
-0.0411576360634 0.0591988310112
-0.037416032785 0.0769532740017
-0.034014575259 0.0817310662522
-0.0309223411446 0.0709342289251
-0.0281112192224 0.0503095740205
-0.0255556538385 0.0291600565159
-0.0232324125805 0.0138182507948
-0.0211203750731 0.00538975749296
-0.0192003409756 0.00192791659427
-0.0174548554323 0.00151741465077
-0.015868050393 0.00416218885765
-0.0144255003573 0.0125864032247
-0.0131140912339 0.0317621231105
-0.0119219011217 0.0655968208947
-0.0108380919289 0.110731854025
-0.00985281084442 0.152764687856
-0.00895710076765 0.172234619473
-0.00814281887968 0.158693650106
-0.0074025626179 0.119491811341
-0.0067296023799 0.0735288835447
-0.00611782034537 0.0369788426061
-0.00556165485943 0.0152193444
-0.0050560498722 0.00524716607524
-0.00459640897473 0.00212293503864
-0.00417855361339 0.00329816558074
-0.00379868510308 0.0101498942243
-0.00345335009371 0.0279151581696
-0.0031394091761 0.0630689974796
-0.00285400834191 0.116483876933
-0.0025945530381 0.175819737368
-0.00235868458009 0.216876841274
-0.00214425870917 0.218626169369
-0.00194932609925 0.180108972896
-0.00177211463568 0.121259118996
-0.00161101330516 0.0667185984427
-0.00146455755015 0.0300085193778
-0.00133141595468 0.0110853557304
-0.00121037814062 0.00365485644282
-0.0011003437642 0.00239328216682
-0.00100031251291 0.00609827283111
-0.000909375011735 0.0182405405029
-0.000826704556123 0.0456816863344
-0.000751549596476 0.0936178778214
-0.000683226905887 0.156800272696
-0.000621115368988 0.214623661378
-0.000564650335444 0.2400768868
-0.000513318486767 0.21946538004
-0.000466653169788 0.163955498177
-0.000424230154353 0.100099768357
-0.000385663776684 0.0499472200387
-0.000350603433349 0.0203880046884
-0.000318730393954 0.00692893823592
-0.000289754903595 0.00257715825764
-0.000263413548722 0.003460899155
-0.000239466862475 0.0105020079796
-0.000217697147704 0.0291490006804
-0.000197906497913 0.0665444736257
-0.000179914998103 0.124194860419
-0.000163559089184 0.189434640566
-0.000148690081077 0.236142506483
-0.000135172800979 0.24057520925
-0.000122884364526 0.200306149418
-0.00011171305866 0.13630497639
-0.000101557326055 0.0758086342197
-9.23248418679e-05 0.0398636265604
-8.39316744254e-05 0.0410642778588
-7.63015222049e-05 0.0618306927788
-6.93650201863e-05 0.0820455816686
-6.30591092603e-05 0.0939798290261
-5.73264629639e-05 0.0986207395438
-5.21149663308e-05 0.0992721017435
-4.73772421189e-05 0.0984771451607
-4.30702201081e-05 0.0974666006714
-3.91547455528e-05 0.096602642951
-3.55952232298e-05 0.0959142085932
-3.23592938453e-05 0.0953687298709
-2.94175398594e-05 0.0949378587376
-2.6743218054e-05 0.0946000183766
-2.43120164127e-05 0.0943376703697
-2.21018331024e-05 0.0941362950603
-2.00925755477e-05 0.0939839131486
-1.82659777706e-05 0.0938706963187
-1.66054343369e-05 0.0937886195887
-1.50958493972e-05 0.0937311571674
-1.3723499452e-05 0.0936930216928
-1.24759085927e-05 0.0936699438114
-1.13417350843e-05 0.0936584877321
-1.03106682585e-05 0.0936558980193
1.03106682585e-05 0.095079618421
1.13417350843e-05 0.0952187992714
1.24759085927e-05 0.095378594049
1.3723499452e-05 0.0955623014723
1.50958493972e-05 0.0957737467607
1.66054343369e-05 0.0960173511231
1.82659777706e-05 0.0962982019091
2.00925755477e-05 0.0966221180575
2.21018331024e-05 0.0969957020121
2.43120164127e-05 0.0974263640489
2.6743218054e-05 0.0979222975069
2.94175398594e-05 0.0984923770681
3.23592938453e-05 0.0991459691653
3.55952232298e-05 0.0998926057556
3.91547455528e-05 0.100739771446
4.30702201081e-05 0.101676152879
4.73772421189e-05 0.102595317848
5.21149663308e-05 0.103069367669
5.73264629639e-05 0.101903828702
6.30591092603e-05 0.0967925130839
6.93650201863e-05 0.0857415969974
7.63015222049e-05 0.0732902246075
8.39316744254e-05 0.0783303421133
9.23248418679e-05 0.122261792843
0.000101557326055 0.18924337384
0.00011171305866 0.23770284992
0.000122884364526 0.244005414498
0.000135172800979 0.204697171099
0.000148690081077 0.14033607754
0.000163559089184 0.0786275213957
0.000179914998103 0.0360083010471
0.000197906497913 0.0135230297241
0.000217697147704 0.00441858289555
0.000239466862475 0.00243584681496
0.000263413548722 0.00561252378225
0.000289754903595 0.016993796463
0.000318730393954 0.0435109459786
0.000350603433349 0.0912117820589
0.000385663776684 0.156273078371
0.000424230154353 0.218804672302
0.000466653169788 0.250360210976
0.000513318486767 0.23410443897
0.000564650335444 0.178891303847
0.000621115368988 0.11171324524
0.000683226905887 0.0570128875428
0.000751549596476 0.0237966595526
0.000826704556123 0.00823558536622
0.000909375011735 0.00294700478003
0.00100031251291 0.00345443484043
0.0011003437642 0.0103376356466
0.00121037814062 0.0291668306288
0.00133141595468 0.0678123572352
0.00146455755015 0.128901456567
0.00161101330516 0.200240194056
0.00177211463568 0.254201901594
0.00194932609925 0.263717966851
0.00214425870917 0.223580565672
0.00235868458009 0.154903973318
0.0025945530381 0.0877067513973
0.00285400834191 0.0405940054013
0.0031394091761 0.0154299560894
0.00345335009371 0.00521459109151
0.00379868510308 0.003369471434
0.00417855361339 0.00843457951036
0.00459640897473 0.025296526106
0.0050560498722 0.063694714474
0.00556165485943 0.131276256336
0.00611782034537 0.221137948761
0.0067296023799 0.304429943077
0.0074025626179 0.342493612678
0.00814281887968 0.314891530934
0.00895710076765 0.236608876836
0.00985281084442 0.145337043939
0.0108380919289 0.0731546042104
0.0119219011217 0.0310364163616
0.0131140912339 0.0149548763686
0.0144255003573 0.0214646118934
0.015868050393 0.0602218847118
0.0174548554323 0.156897040179
0.0192003409756 0.338705364381
0.0211203750731 0.599799250722
0.0232324125805 0.871234090647
0.0255556538385 1.04223655145
0.0281112192224 1.04157031475
0.0309223411446 0.909549115579
0.034014575259 0.779610163319
0.037416032785 0.777308755437
0.0411576360634 0.925076395533
0.0452733996698 1.12725914569
0.0498007396368 1.24124903525
0.0547808136004 1.17928396521
0.0602588949605 0.961607323528
0.0662847844565 0.682625151413
0.0729132629022 0.433369128041
0.0802045891924 0.25457520102
0.0882250481117 0.143550293694
0.0970475529228 0.0821597674739
0.106752308215 0.0535759974787
0.117427539037 0.0445500657498
0.12917029294 0.0438540002509
0.142087322234 0.0429614053581
0.156296054458 0.0378960357445
0.171925659904 0.0292519544176
0.189118225894 0.0198292895804
0.208030048483 0.0119972398181
0.228833053332 0.0066706100086
0.251716358665 0.00383602914426
0.276887994531 0.0037072650231
0.304576793984 0.00806112913216
0.335034473383 0.0213590256245
0.368537920721 0.0500941319478
0.405391712793 0.0981830747968
0.445930884072 0.159415156102
0.49052397248 0.214203751419
0.539576369728 0.238358443341
0.5935340067 0.220080925498
0.65288740737 0.169496536977
0.718176148107 0.110688248495
0.789993762918 0.0645124968783
0.86899313921 0.0380806145648
0.955892453131 0.0266600551435
1.05148169844 0.0217884723493
1.15662986829 0.0176572516728
1.27229285512 0.0127238540962
1.39952214063 0.00792402490733
1.53947435469 0.00434058852594
1.69342179016 0.0021857206083
1.86276396918 0.00105870333423
2.0490403661 0.000497626316281
2.2539444027 0.000218842921265
2.47933884298 8.57117264672e-05
2.72727272727 2.88800576926e-05
3 8.24551293868e-06
