#               T           <Sz^2>              <Q>            <Q^2>              <E>            <E^2>                C                F                S 
 1.082021280666723 0.2499666907561373 -0.009205966596680984 0.9974353365897707 0.5778292269021064 0.5827708551851538 0.2488842397228679 -3.440955332006331 4.018784558908438 
 0.5410106403333613 0.3298468154090685 -0.01867705497739746 1.33497482148709 1.59560821784355 3.771537134260431 1.225571549410561 -3.175803280815151 4.771411498658702 
 0.2705053201666807 0.3472325209883411 -0.03830838193583355 1.440810722579043 1.540616662132495 4.772288276660569 2.398788577020298 -3.179945529701683 4.720562191834178 
 0.1352526600833403 0.3337413659830712 -0.07914346954941756 1.443331624687142 1.622545978627533 4.787557987324289 2.154902534563909 -2.626720624776437 4.249266603403971 
 0.06762633004167017 0.3218067359801218 -0.1652888847781898 1.497054191026003 1.461869265796377 4.096461378428586 1.959399628148546 -2.679067891508868 4.140937157305245 
 0.03381316502083508 0.2897138975433508 -0.3410518853501293 1.542815124387482 1.790976453316826 5.359757966203782 2.152161309868466 -2.086318528060216 3.877294981377042 
 0.01690658251041754 0.2594934333391364 -0.6150004467632444 1.636553692724194 1.474361053862101 4.672968731218121 2.499228214072756 -2.059576459650545 3.533937513512646 
 0.008453291255208771 0.2351116744501558 -0.8254416773990542 1.678508149600312 1.453000976487614 4.319458722451156 2.208246884777197 -1.564222746011136 3.01722372249875 
 0.004226645627604385 0.2340559029827813 -0.8685544375927096 1.696673730755086 1.08948528152395 3.023161349962186 1.836183171304865 -1.826757444211865 2.916242725735815 
 0.002113322813802193 0.2281809666314324 -0.880151597915302 1.689198599221598 1.318414832923272 3.514206783356359 1.77598911168426 -1.502020021460623 2.820434854383896 
 0.001056661406901096 0.2320786216593947 -0.8736615017160985 1.692525231462923 1.067398251411958 2.903733821457925 1.76439479434062 -1.812010380229769 2.879408631641727 
 0.0005283307034505482 0.2271926491315548 -0.8815175418071906 1.68625363100504 1.309569169437959 3.469810478771671 1.754839069229244 -1.494280301011029 2.803849470448989 
 0.0002641653517252741 0.2316360148379782 -0.8738008811863168 1.690301301212365 1.064205598309062 2.89231833179629 1.75978477632394 -1.808818773221055 2.873024371530118 
 0.000132082675862637 0.2269535787699453 -0.8816370828029729 1.685199907580625 1.307472351233649 3.459227501837612 1.749743552597166 -1.492398694798856 2.799871046032505 
 6.604133793131852e-05 0.2315256405551128 -0.8737907196323575 1.68967012641219 1.063429586155584 2.88967203103961 1.758789546328573 -1.808023963483933 2.871453549639517 
 3.302066896565926e-05 0.2268940065032477 -0.8816538692168935 1.684914955643903 1.306948583321362 3.456571504518385 1.748456905072669 -1.491929468197857 2.798878051519219 
 1.651033448282963e-05 0.2314980513186906 -0.8737854034147612 1.689507476378416 1.063236304384046 2.889018234677003 1.758546795716759 -1.80782531386899 2.871061618253036 
 8.255167241414815e-06 0.2268791573099014 -0.881657226758111 1.684842439541804 1.306817487582447 3.45590588040382 1.74813393455252 -1.491812651493098 2.798630139075545 
 4.127583620707408e-06 0.2314912136651248 -0.8737838508220875 1.689466657898065 1.063188314050907 2.88885557500127 1.758486183866861 -1.807775988586238 2.870964302637145 
 2.063791810353704e-06 0.2268755941084067 -0.8816579232542643 1.684824656197922 1.306784364747408 3.455737639704063 1.748052263755776 -1.491785278318642 2.79856964306605 
 1.031895905176852e-06 0.2314897471500005 -0.8737832474993309 1.689457048553236 1.063177519311669 2.888816475125058 1.758470037555343 -1.807765026974745 2.870942546286414 
 5.159479525884259e-07 0.2268752983555619 -0.8816577266586635 1.68482193692881 1.306774711130792 3.455688567062894 1.748028421411928 -1.491785753103409 2.798560464234201 
 2.57973976294213e-07 0.2314903524114835 -0.8737822783987826 1.68945710377958 1.063179625279079 2.888812865336412 1.75846194972785 -1.807767766996898 2.870947392275977 
 1.289869881471065e-07 0.2268776045082395 -0.8816562071883602 1.68482818484138 1.30676680721049 3.455648269238292 1.748008780811193 -1.491815143996715 2.798581951207205 
 6.449349407355324e-08 0.2314943913829032 -0.8737787656841943 1.689466952917711 1.063199369619559 2.888836615767692 1.758443716208264 -1.807790374660267 2.870989744279826 
