Q1U(1, 1, 0, -0.5);
Q1U(2, 2, 0, -0.5);
Q1U(3, 3, 0, -0.5);
Q1U(4, 4, 0, -0.5);
Q1U(5, 5, 0, -0.5);
Q1U(6, 6, 0, -0.5);
Q1U(7, 7, 0, -0.5);
Q1U(8, 8, 0, -0.5);
Q1U(9, 9, 0, 0.5);
Q1U(10, 10, 0, -0.5);
Q1U(11, 11, 0, -0.5);
Q1U(12, 12, 0, -0.5);
Q1U(13, 13, 0, -0.5);
Q1U(14, 14, 0, -0.5);
Q1U(15, 15, 0, -0.5);
Q1U(16, 16, 0, -0.5);
Q1U(17, 17, 0, -0.5);
Q1U(18, 18, 0, -0.5);
Q1U(19, 19, 0, -0.5);
Q1U(20, 20, 0, -0.5);
Q1U(21, 21, 0, -0.5);
Q1U(22, 22, 0, -0.5);
Q1U(23, 23, 0, -0.5);
Q1U(24, 24, 0, -0.5);
Q1U(25, 25, 0, -0.5);
Q1U(26, 26, 0, -0.5);
Q1U(27, 27, 0, -0.5);
Q1U(28, 28, 0, 0.5);
Q1U(29, 29, 0, 0.5);
Q1U(30, 30, 0, 0.5);
Q1U(31, 31, 0, 0.5);
Q1U(32, 32, 0, -0.5);
Q1U(33, 33, 0, -0.5);
Q1U(34, 34, 0, -0.5);
Q1U(35, 35, 0, 0.5);
Q1U(36, 36, 0, 0.5);
Q1U(37, 37, 0, 0.5);
Q1U(38, 38, 0, -0.5);
Q1U(39, 39, 0, -0.5);
Q1U(40, 40, 0, -0.5);
Q1U(41, 41, 0, -0.5);
Q1U(42, 42, 0, -0.5);
Q1U(43, 43, 0, -0.5);
Q1U(44, 44, 0, -0.5);
Q1U(45, 45, 0, -0.5);
Q1U(46, 46, 0, -0.5);
Q1U(47, 47, 0, -0.5);
Q1U(48, 48, 0, -0.5);
Q1U(49, 49, 0, -0.5);
Q1U(50, 50, 0, -0.5);
Q1U(51, 51, 0, -0.5);
Q1U(52, 52, 0, -0.5);
Q1U(53, 53, 0, -0.5);
Q1U(54, 54, 0, -0.5);
Q1U(55, 55, 0, -0.5);
Q1U(56, 56, 0, -0.5);
Q1U(57, 57, 0, -0.5);
Q1U(58, 58, 0, -0.5);
Q1U(59, 59, 0, -0.5);
Q1U(60, 60, 0, 0.5);
Q1U(61, 61, 0, 0.5);
Q1U(62, 62, 0, 0.5);
Q1U(63, 63, 0, 0.5);
Q1U(64, 64, 0, 0.5);
Q1U(65, 65, 0, 0.5);
Q1U(66, 66, 0, -0.5);
Q1U(67, 67, 0, -0.5);
Q1U(68, 68, 0, -0.5);
Q1U(69, 69, 0, -0.5);
Q1U(70, 70, 0, -0.5);
Q1U(71, 71, 0, -0.5);
Q1U(72, 72, 0, -0.5);
Q1U(73, 73, 0, -0.5);
Q1U(74, 74, 0, -0.5);
Q1U(75, 75, 0, -0.5);
Q1U(76, 76, 0, -0.5);
Q1U(77, 77, 0, -0.5);
Q1U(78, 78, 0, 0.5);
Q1U(79, 79, 0, 0.5);
Q1U(80, 80, 0, 0.5);
Q1U(81, 81, 0, 0.5);
Q1U(82, 82, 0, 0.5);
Q1U(83, 83, 0, 0.5);
Q1U(84, 84, 0, 0.5);
Q1U(85, 85, 0, 0.5);
Q1U(86, 86, 0, 0.5);
Q1U(87, 87, 0, 0.5);
Q1U(88, 88, 0, 0.5);
Q1U(89, 89, 0, 0.5);
Q1U(90, 90, 0, -0.5);
Q1U(91, 91, 0, 0.5);
Q1U(92, 92, 0, 0.5);
Q1U(93, 93, 0, 0.5);
Q1U(94, 94, 0, -0.5);
Q1U(95, 95, 0, -0.5);
Q1U(96, 96, 0, -0.5);
Q1U(97, 97, 0, -0.5);
Q1U(98, 98, 0, -0.5);
Q1U(99, 99, 0, -0.5);
Q1U(100, 100, 0, -0.5);
Q1U(101, 101, 0, -0.5);
Q1U(102, 102, 0, -0.5);
Q1U(103, 103, 0, -0.5);
Q1U(104, 104, 0, -0.5);
Q1U(105, 105, 0, -0.5);
Q1U(106, 106, 0, -0.5);
Q1U(107, 107, 0, 0.5);
Q1U(108, 108, 0, 0.5);
Q1U(109, 109, 0, 0.5);
Q1U(110, 110, 0, 0.5);
Q1U(111, 111, 0, -0.5);
Q1U(112, 112, 0, -0.5);
Q1U(113, 113, 0, -0.5);
Q1U(114, 114, 0, -0.5);
Q1U(115, 115, 0, -0.5);
Q1U(116, 116, 0, -0.5);
Q1U(117, 117, 0, -0.5);
Q1U(118, 118, 0, -0.5);
Q1U(119, 119, 0, -0.5);
Q1U(120, 120, 0, -0.5);
Q1U(121, 121, 0, -0.5);
Q1U(122, 122, 0, -0.5);
Q1U(123, 123, 0, -0.5);
Q1U(124, 124, 0, -0.5);
Q1U(125, 125, 0, -0.5);
Q1U(126, 126, 0, -0.5);
Q1U(127, 127, 0, -0.5);
Q1U(128, 128, 0, -0.5);
Q1U(129, 129, 0, 0.5);
Q1U(130, 130, 0, 0.5);
Q1U(131, 131, 0, 0.5);
Q1U(132, 132, 0, 0.5);
Q1U(133, 133, 0, 0.5);
Q1U(134, 134, 0, 0.5);
Q1U(135, 135, 0, 0.5);
Q1U(136, 136, 0, 0.5);
Q1U(137, 137, 0, 0.5);
Q1U(138, 138, 0, 0.5);
Q1U(139, 139, 0, 0.5);
Q1U(140, 140, 0, 0.5);
Q1U(141, 141, 0, 0.5);
Q1U(142, 142, 0, 0.5);
Q1U(143, 143, 0, 0.5);
Q1U(144, 144, 0, 0.5);
Q1U(145, 145, 0, 0.5);
Q1U(146, 146, 0, 0.5);
Q1U(147, 147, 0, -0.5);
Q1U(148, 148, 0, -0.5);
Q1U(149, 149, 0, -0.5);
Q1U(150, 150, 0, -0.5);
Q1U(151, 151, 0, 0.5);
Q1U(152, 152, 0, 0.5);
Q1U(153, 153, 0, 0.5);
Q1U(154, 154, 0, 0.5);
Q1U(155, 155, 0, 0.5);
Q1U(156, 156, 0, 0.5);
Q1U(157, 157, 0, 0.5);
Q1U(158, 158, 0, 0.5);
Q1U(159, 159, 0, 0.5);
Q1U(160, 160, 0, 0.5);
Q1U(161, 161, 0, 0.5);
Q1U(162, 162, 0, 0.5);
Q1U(163, 163, 0, 0.5);
Q1U(164, 164, 0, -0.5);
Q1U(165, 165, 0, -0.5);
Q1U(166, 166, 0, -0.5);
Q1U(167, 167, 0, 0.5);
Q1U(168, 168, 0, -0.5);
Q1U(169, 169, 0, -0.5);
Q1U(170, 170, 0, -0.5);
Q1U(171, 171, 0, -0.5);
Q1U(172, 172, 0, -0.5);
Q1U(173, 173, 0, -0.5);
Q1U(174, 174, 0, -0.5);
Q1U(175, 175, 0, -0.5);
Q1U(176, 176, 0, -0.5);
Q1U(177, 177, 0, -0.5);
Q1U(178, 178, 0, -0.5);
Q1U(179, 179, 0, -0.5);
Q1U(180, 180, 0, 0.5);
Q1U(181, 181, 0, 0.5);
Q1U(182, 182, 0, 0.5);
Q1U(183, 183, 0, 0.5);
Q1U(184, 184, 0, 0.5);
Q1U(185, 185, 0, 0.5);
Q1U(186, 186, 0, 0.5);
Q1U(187, 187, 0, 0.5);
Q1U(188, 188, 0, 0.5);
Q1U(189, 189, 0, 0.5);
Q1U(190, 190, 0, 0.5);
Q1U(191, 191, 0, 0.5);
Q1U(192, 192, 0, -0.5);
Q1U(193, 193, 0, -0.5);
Q1U(194, 194, 0, -0.5);
Q1U(195, 195, 0, -0.5);
Q1U(196, 196, 0, -0.5);
Q1U(197, 197, 0, -0.5);
Q1U(198, 198, 0, 0.5);
Q1U(199, 199, 0, 0.5);
Q1U(200, 200, 0, 0.5);
Q1U(201, 201, 0, 0.5);
Q1U(202, 202, 0, 0.5);
Q1U(203, 203, 0, 0.5);
Q1U(204, 204, 0, 0.5);
Q1U(205, 205, 0, 0.5);
Q1U(206, 206, 0, 0.5);
Q1U(207, 207, 0, 0.5);
Q1U(208, 208, 0, 0.5);
Q1U(209, 209, 0, 0.5);
Q1U(210, 210, 0, 0.5);
Q1U(211, 211, 0, 0.5);
Q1U(212, 212, 0, 0.5);
Q1U(213, 213, 0, 0.5);
Q1U(214, 214, 0, 0.5);
Q1U(215, 215, 0, 0.5);
Q1U(216, 216, 0, 0.5);
Q1U(217, 217, 0, 0.5);
Q1U(218, 218, 0, 0.5);
Q1U(219, 219, 0, 0.5);
Q1U(220, 220, 0, -0.5);
Q1U(221, 221, 0, -0.5);
Q1U(222, 222, 0, -0.5);
Q1U(223, 223, 0, 0.5);
Q1U(224, 224, 0, 0.5);
Q1U(225, 225, 0, 0.5);
Q1U(226, 226, 0, -0.5);
Q1U(227, 227, 0, -0.5);
Q1U(228, 228, 0, -0.5);
Q1U(229, 229, 0, -0.5);
Q1U(230, 230, 0, 0.5);
Q1U(231, 231, 0, 0.5);
Q1U(232, 232, 0, 0.5);
Q1U(233, 233, 0, 0.5);
Q1U(234, 234, 0, 0.5);
Q1U(235, 235, 0, 0.5);
Q1U(236, 236, 0, 0.5);
Q1U(237, 237, 0, 0.5);
Q1U(238, 238, 0, 0.5);
Q1U(239, 239, 0, 0.5);
Q1U(240, 240, 0, 0.5);
Q1U(241, 241, 0, 0.5);
Q1U(242, 242, 0, 0.5);
Q1U(243, 243, 0, 0.5);
Q1U(244, 244, 0, 0.5);
Q1U(245, 245, 0, 0.5);
Q1U(246, 246, 0, 0.5);
Q1U(247, 247, 0, 0.5);
Q1U(248, 248, 0, -0.5);
Q1U(249, 249, 0, 0.5);
Q1U(250, 250, 0, 0.5);
Q1U(251, 251, 0, 0.5);
Q1U(252, 252, 0, 0.5);
Q1U(253, 253, 0, 0.5);
Q1U(254, 254, 0, 0.5);
Q1U(255, 255, 0, 0.5);
Q1U(256, 256, 0, 0.5);
