N1D(5, 5, 0, 1);
N1D(13, 13, 0, 1);
N1D(14, 14, 0, 1);
N1D(15, 15, 0, 1);
N1D(25, 25, 0, 1);
N1D(26, 26, 0, 1);
N1D(27, 27, 0, 1);
N1D(31, 31, 0, 1);
N1D(39, 39, 0, 1);
N1D(40, 40, 0, 1);
N1D(41, 41, 0, 1);
N1D(51, 51, 0, 1);
N1D(52, 52, 0, 1);
N1D(53, 53, 0, 1);
N1D(54, 54, 0, 1);
N1D(55, 55, 0, 1);
N1D(56, 56, 0, 1);
N1D(57, 57, 0, 1);
N1D(58, 58, 0, 1);
N1D(59, 59, 0, 1);
N1D(63, 63, 0, 1);
N1D(64, 64, 0, 1);
N1D(65, 65, 0, 1);
N1D(75, 75, 0, 1);
N1D(76, 76, 0, 1);
N1D(77, 77, 0, 1);
N1D(87, 87, 0, 1);
N1D(88, 88, 0, 1);
N1D(89, 89, 0, 1);
N1D(94, 94, 0, 1);
N1D(98, 98, 0, 1);
N1D(99, 99, 0, 1);
N1D(100, 100, 0, 1);
N1D(101, 101, 0, 1);
N1D(102, 102, 0, 1);
N1D(103, 103, 0, 1);
N1D(104, 104, 0, 1);
N1D(105, 105, 0, 1);
N1D(106, 106, 0, 1);
N1D(108, 108, 0, 1);
N1D(109, 109, 0, 1);
N1D(110, 110, 0, 1);
N1D(120, 120, 0, 1);
N1D(121, 121, 0, 1);
N1D(122, 122, 0, 1);
N1D(123, 123, 0, 1);
N1D(124, 124, 0, 1);
N1D(125, 125, 0, 1);
N1D(126, 126, 0, 1);
N1D(127, 127, 0, 1);
N1D(128, 128, 0, 1);
N1D(138, 138, 0, 1);
N1D(139, 139, 0, 1);
N1D(140, 140, 0, 1);
N1D(141, 141, 0, 1);
N1D(142, 142, 0, 1);
N1D(143, 143, 0, 1);
N1D(144, 144, 0, 1);
N1D(145, 145, 0, 1);
N1D(146, 146, 0, 1);
N1D(150, 150, 0, 1);
N1D(160, 160, 0, 1);
N1D(161, 161, 0, 1);
N1D(162, 162, 0, 1);
N1D(164, 164, 0, 1);
N1D(165, 165, 0, 1);
N1D(166, 166, 0, 1);
N1D(167, 167, 0, 1);
N1D(171, 171, 0, 1);
N1D(172, 172, 0, 1);
N1D(173, 173, 0, 1);
N1D(174, 174, 0, 1);
N1D(175, 175, 0, 1);
N1D(176, 176, 0, 1);
N1D(177, 177, 0, 1);
N1D(178, 178, 0, 1);
N1D(179, 179, 0, 1);
N1D(183, 183, 0, 1);
N1D(184, 184, 0, 1);
N1D(185, 185, 0, 1);
N1D(186, 186, 0, 1);
N1D(187, 187, 0, 1);
N1D(188, 188, 0, 1);
N1D(189, 189, 0, 1);
N1D(190, 190, 0, 1);
N1D(191, 191, 0, 1);
N1D(195, 195, 0, 1);
N1D(196, 196, 0, 1);
N1D(197, 197, 0, 1);
N1D(207, 207, 0, 1);
N1D(208, 208, 0, 1);
N1D(209, 209, 0, 1);
N1D(210, 210, 0, 1);
N1D(211, 211, 0, 1);
N1D(212, 212, 0, 1);
N1D(213, 213, 0, 1);
N1D(214, 214, 0, 1);
N1D(215, 215, 0, 1);
N1D(219, 219, 0, 1);
N1D(220, 220, 0, 1);
N1D(221, 221, 0, 1);
N1D(222, 222, 0, 1);
N1D(223, 223, 0, 1);
N1D(224, 224, 0, 1);
N1D(225, 225, 0, 1);
N1D(227, 227, 0, 1);
N1D(228, 228, 0, 1);
N1D(229, 229, 0, 1);
N1D(233, 233, 0, 1);
N1D(234, 234, 0, 1);
N1D(235, 235, 0, 1);
N1D(236, 236, 0, 1);
N1D(237, 237, 0, 1);
N1D(238, 238, 0, 1);
N1D(239, 239, 0, 1);
N1D(240, 240, 0, 1);
N1D(241, 241, 0, 1);
N1D(245, 245, 0, 1);
N1D(246, 246, 0, 1);
N1D(247, 247, 0, 1);
N1D(248, 248, 0, 1);
N1D(249, 249, 0, 1);
N1D(250, 250, 0, 1);
N1D(251, 251, 0, 1);
N1D(253, 253, 0, 1);
N1D(254, 254, 0, 1);
N1D(255, 255, 0, 1);
N1D(256, 256, 0, 1);
