#                   1                    2                    3                    4                    5                    6 
#                   T                 Himp                 Hpot              SigmaHd                  n_d               n_d_ud 
      1.0820212806667  -0.0057547495227285     0.02397464308891    0.049548987686064     0.99097975372127      0.2397464308891 
     0.54101064033336  -0.0064896767490402    0.022983152183369    0.049121381554015     0.98242763108031     0.22983152183369 
     0.27050532016668  -0.0078839174202547    0.021119714847116    0.048339387112285      0.9667877422457     0.21119714847116 
     0.13525266008334   -0.010363104179787    0.017867222523406    0.047050544505321     0.94101089010642     0.17867222523406 
     0.06762633004167   -0.014213940179489    0.013010223200805    0.045373605633822     0.90747211267645     0.13010223200805 
    0.033813165020835   -0.018691263106507   0.0078379007910259    0.044215273162554     0.88430546325109    0.078379007910259 
    0.016906582510418   -0.021812428364227   0.0049398822968651    0.044587184435153     0.89174368870307    0.049398822968651 
   0.0084532912552088   -0.022884154038385   0.0044030396626971     0.04547865616847     0.90957312336939    0.044030396626971 
   0.0042266456276044   -0.022974582280752   0.0044720452062081    0.045744379144934     0.91488758289867    0.044720452062081 
   0.0021133228138022   -0.022768980513362   0.0045903778096229    0.045598930538308     0.91197861076617    0.045903778096229 
   0.0010566614069011   -0.022534553890157   0.0046908544943938    0.045375680640918     0.90751361281837    0.046908544943938 
  0.00052833070345055   -0.022336203479419   0.0047684075449317    0.045174351707252     0.90348703414504    0.047684075449317 
  0.00026416535172527   -0.022207019304408   0.0048173678277249    0.045040645220221     0.90081290440443     0.04817367827725 
  0.00013208267586264   -0.022140778455965   0.0048422359243483    0.044971690633856     0.89943381267712    0.048422359243483 
  6.6041337931319e-05   -0.022115618180402   0.0048516067351591    0.044945374859268     0.89890749718537    0.048516067351591 
  3.3020668965659e-05    -0.02210801340264   0.0048544531034098     0.04493744417675       0.898748883535    0.048544531034098 
   1.651033448283e-05    -0.02210594671877   0.0048552176432211    0.044935273936652     0.89870547873304    0.048552176432211 
  8.2551672414148e-06   -0.022105434873658   0.0048554107825318    0.044934742760316     0.89869485520632    0.048554107825318 
  4.1275836207074e-06   -0.022105300823844   0.0048554595878079    0.044934600686087     0.89869201372173    0.048554595878079 
  2.0637918103537e-06   -0.022105269069353   0.0048554719495182    0.044934568364785      0.8986913672957    0.048554719495182 
  1.0318959051769e-06   -0.022105260525792   0.0048554748744482      0.0449345590004       0.898691180008    0.048554748744482 
  5.1594795258843e-07   -0.022105258606045   0.0048554757160795    0.044934557203541     0.89869114407082    0.048554757160795 
  2.5797397629421e-07   -0.022105258040589   0.0048554758641362    0.044934556507875      0.8986911301575    0.048554758641362 
  1.2898698814711e-07   -0.022105257936204   0.0048554759342698     0.04493455645079     0.89869112901579    0.048554759342698 
  6.4493494073553e-08   -0.022105257893164   0.0048554759348407    0.044934556380008     0.89869112760016    0.048554759348407 
