1 0.25
1.015625 0.2554313648981761
1.03125 0.2608942524752452
1.046875 0.2663874389861333
1.0625 0.2719096319780546
1.078125 0.277459467868276
1.09375 0.2830355094487374
1.109375 0.2886362433155046
1.125 0.2942600772209453
1.140625 0.2999053373464758
1.15625 0.3055702654936781
1.171875 0.3112530161915164
1.1875 0.3169516537173251
1.203125 0.3226641490291742
1.21875 0.3283883766071728
1.234375 0.3341221112011769
1.25 0.3398630244823322
1.265625 0.3456086815957801
1.28125 0.3513565376118361
1.296875 0.3571039338728064
1.3125 0.3628480942326143
1.328125 0.3685861211862607
1.34375 0.3743149918861183
1.359375 0.3800315540419503
1.375 0.3857325217014668
1.390625 0.3914144709081752
1.40625 0.3970738352331415
1.421875 0.4027069011772469
1.4375 0.4083098034404031
1.453125 0.4138785200541031
1.46875 0.4194088673735927
1.484375 0.424896494925844
1.5 0.4303368801094253
1.515625 0.4357253227422474
1.53125 0.4410569394530606
1.546875 0.4463266579124845
1.5625 0.4515292108992197
1.578125 0.4566591301970045
1.59375 0.4617107403177312
1.609375 0.4666781520460511
1.625 0.4715552558006548
1.640625 0.4763357148072855
1.65625 0.4810129580784432
1.671875 0.4855801731945659
1.6875 0.4900302988813732
1.703125 0.4943560173778986
1.71875 0.4985497465896206
1.734375 0.50260363202091
1.75 0.5065095384809173
1.765625 0.5102590415568413
1.78125 0.5138434188483539
1.796875 0.5172536409568336
1.8125 0.5204803622228391
1.828125 0.5235139112051697
1.84375 0.5263442808945682
1.859375 0.5289611186550803
1.875 0.5313537158857768
1.890625 0.5335109973954607
1.90625 0.5354215104827161
1.921875 0.537073413713508
1.9375 0.5384544653882966
1.953125 0.5395520116904946
1.96875 0.5403529745078005
1.984375 0.5408438389177822
2 0.5410106403288386
2.015625 0.5410106403286652
2.03125 0.5410106403284918
2.046875 0.5410106403283184
2.0625 0.5410106403281449
2.078125 0.5410106403279715
2.09375 0.5410106403277981
2.109375 0.5410106403276247
2.125 0.5410106403274513
2.140625 0.5410106403272779
2.15625 0.5410106403271044
2.171875 0.541010640326931
2.1875 0.5410106403267576
2.203125 0.5410106403265842
2.21875 0.5410106403264108
2.234375 0.5410106403262374
2.25 0.5410106403260639
2.265625 0.5410106403258905
2.28125 0.5410106403257171
2.296875 0.5410106403255437
2.3125 0.5410106403253703
2.328125 0.5410106403251967
2.34375 0.5410106403250232
2.359375 0.5410106403248497
2.375 0.5410106403246762
2.390625 0.5410106403245026
2.40625 0.5410106403243291
2.421875 0.5410106403241556
2.4375 0.5410106403239821
2.453125 0.5410106403238085
2.46875 0.541010640323635
2.484375 0.5410106403234615
2.5 0.5410106403232879
2.515625 0.5410106403231144
2.53125 0.5410106403229409
2.546875 0.5410106403227674
2.5625 0.5410106403225938
2.578125 0.5410106403224203
2.59375 0.5410106403222468
2.609375 0.5410106403220732
2.625 0.5410106403218997
2.640625 0.5410106403217262
2.65625 0.5410106403215527
2.671875 0.5410106403213791
2.6875 0.5410106403210628
2.703125 0.5410106403207159
2.71875 0.5410106403203689
2.734375 0.541010640320022
2.75 0.5410106403196751
2.765625 0.5410106403193281
2.78125 0.5410106403189812
2.796875 0.5410106403186342
2.8125 0.5410106403182873
2.828125 0.5410106403179403
2.84375 0.5410106403175934
2.859375 0.5410106403172464
2.875 0.5410106403168995
2.890625 0.5410106403165525
2.90625 0.5410106403162056
2.921875 0.5410106403158587
2.9375 0.5410106403155117
2.953125 0.5410106403151648
2.96875 0.5410106403148178
2.984375 0.5410106403144709
3 0.5410106403141239
3.015625 0.541010640313777
3.03125 0.54101064031343
3.046875 0.5410106403129548
3.0625 0.5410106403124344
3.078125 0.541010640311914
3.09375 0.5410106403113937
3.109375 0.5410106403108733
3.125 0.541010640310353
3.140625 0.5410106403098326
3.15625 0.5410106403093121
3.171875 0.5410106403087916
3.1875 0.5410106403082712
3.203125 0.5410106403077507
3.21875 0.5410106403072302
3.234375 0.5410106403067098
3.25 0.5410106403061893
3.265625 0.5410106403056688
3.28125 0.5410106403050875
3.296875 0.5410106403043936
3.3125 0.5410106403036997
3.328125 0.5410106403030058
3.34375 0.5410106403023119
3.359375 0.5410106403016181
3.375 0.5410106403009242
3.390625 0.5410106403002303
3.40625 0.5410106402995364
3.421875 0.5410106402988425
3.4375 0.5410106402981486
3.453125 0.5410106402974547
3.46875 0.5410106402966204
3.484375 0.5410106402957531
3.5 0.5410106402948858
3.515625 0.5410106402940185
3.53125 0.541010640293151
3.546875 0.5410106402922836
3.5625 0.5410106402914162
3.578125 0.5410106402905488
3.59375 0.5410106402896814
3.609375 0.5410106402887139
3.625 0.5410106402876731
3.640625 0.5410106402866323
3.65625 0.5410106402855914
3.671875 0.5410106402845506
3.6875 0.5410106402835098
3.703125 0.5410106402824689
3.71875 0.5410106402814281
3.734375 0.5410106402802343
3.75 0.54101064027902
3.765625 0.5410106402778058
3.78125 0.5410106402765914
3.796875 0.541010640275377
3.8125 0.5410106402741627
3.828125 0.5410106402728986
3.84375 0.5410106402715108
3.859375 0.541010640270123
3.875 0.5410106402687352
3.890625 0.5410106402673475
3.90625 0.5410106402659597
3.921875 0.5410106402644823
3.9375 0.5410106402629211
3.953125 0.5410106402613599
3.96875 0.5410106402597986
3.984375 0.5410106402582373
4 0.5410106402566089
4.015625 0.5410106402548742
4.03125 0.5410106402531395
4.046875 0.5410106402514048
4.0625 0.54101064024967
4.078125 0.5410106402478018
4.09375 0.5410106402458936
4.109375 0.5410106402439854
4.125 0.5410106402420771
4.140625 0.5410106402400695
4.15625 0.5410106402379878
4.171875 0.5410106402359062
4.1875 0.5410106402338245
4.203125 0.5410106402316169
4.21875 0.5410106402293618
4.234375 0.5410106402271067
4.25 0.5410106402248211
4.265625 0.5410106402223925
4.28125 0.5410106402199639
4.296875 0.5410106402175353
4.3125 0.5410106402149546
4.328125 0.5410106402123525
4.34375 0.5410106402097503
4.359375 0.5410106402070095
4.375 0.541010640204234
4.390625 0.5410106402014584
4.40625 0.5410106401985243
4.421875 0.5410106401955752
4.4375 0.5410106401925917
4.453125 0.5410106401894692
4.46875 0.5410106401863467
4.484375 0.5410106401831143
4.5 0.5410106401798183
4.515625 0.5410106401764869
4.53125 0.5410106401730175
4.546875 0.541010640169548
4.5625 0.5410106401659233
4.578125 0.5410106401622803
4.59375 0.5410106401585164
4.609375 0.5410106401547
4.625 0.5410106401507798
4.640625 0.5410106401467899
4.65625 0.5410106401426974
4.671875 0.5410106401385341
4.6875 0.5410106401342549
4.703125 0.5410106401299181
4.71875 0.5410106401254388
4.734375 0.5410106401209206
4.75 0.5410106401162368
4.765625 0.5410106401114948
4.78125 0.5410106401066376
4.796875 0.5410106401016612
4.8125 0.541010640096614
4.828125 0.5410106400914099
4.84375 0.5410106400861093
4.859375 0.5410106400807201
4.875 0.541010640075169
4.890625 0.5410106400695096
4.90625 0.541010640063746
4.921875 0.5410106400578479
4.9375 0.5410106400517993
4.953125 0.5410106400456327
4.96875 0.5410106400393416
4.984375 0.54101064003292
5 0.541010640026328
5.015625 0.5410106400195966
5.03125 0.5410106400127261
5.046875 0.5410106400057049
5.0625 0.5410106399985301
5.078125 0.5410106399911984
5.09375 0.541010639983706
5.109375 0.5410106399760494
5.125 0.5410106399682254
5.140625 0.5410106399602301
5.15625 0.5410106399520597
5.171875 0.5410106399437105
5.1875 0.5410106399351781
5.203125 0.5410106399264589
5.21875 0.5410106399175488
5.234375 0.5410106399084439
5.25 0.5410106398991393
5.265625 0.5410106398896312
5.28125 0.5410106398799148
5.296875 0.5410106398699859
5.3125 0.5410106398598392
5.328125 0.5410106398494706
5.34375 0.5410106398388748
5.359375 0.5410106398280466
5.375 0.5410106398169817
5.390625 0.5410106398056745
5.40625 0.5410106397941198
5.421875 0.541010639782312
5.4375 0.5410106397702454
5.453125 0.541010639757915
5.46875 0.5410106397453144
5.484375 0.5410106397324377
5.5 0.541010639719279
5.515625 0.5410106397058325
5.53125 0.5410106396920914
5.546875 0.5410106396780495
5.5625 0.5410106396637
5.578125 0.5410106396490362
5.59375 0.5410106396340514
5.609375 0.5410106396187384
5.625 0.5410106396030906
5.640625 0.5410106395870997
5.65625 0.5410106395707587
5.671875 0.5410106395540598
5.6875 0.5410106395369952
5.703125 0.5410106395195571
5.71875 0.5410106395017372
5.734375 0.541010639483527
5.75 0.541010639464918
5.765625 0.5410106394459017
5.78125 0.5410106394264688
5.796875 0.5410106394066104
5.8125 0.5410106393863173
5.828125 0.5410106393655801
5.84375 0.5410106393443882
5.859375 0.5410106393227325
5.875 0.5410106393006026
5.890625 0.5410106392779883
5.90625 0.5410106392548787
5.921875 0.541010639231263
5.9375 0.5410106392071302
5.953125 0.5410106391824687
5.96875 0.5410106391572673
5.984375 0.5410106391315143
6 0.5410106391051973
6.015625 0.5410106390783039
6.03125 0.5410106390508218
6.046875 0.5410106390227379
6.0625 0.5410106389940391
6.078125 0.5410106389647119
6.09375 0.5410106389347423
6.109375 0.5410106389041166
6.125 0.541010638872821
6.140625 0.5410106388408394
6.15625 0.5410106388081576
6.171875 0.5410106387747596
6.1875 0.5410106387406308
6.203125 0.5410106387057547
6.21875 0.5410106386701149
6.234375 0.5410106386336944
6.25 0.5410106385964766
6.265625 0.5410106385584437
6.28125 0.5410106385195781
6.296875 0.5410106384798612
6.3125 0.5410106384392747
6.328125 0.5410106383977991
6.34375 0.5410106383554161
6.359375 0.5410106383121046
6.375 0.5410106382678448
6.390625 0.5410106382226161
6.40625 0.5410106381763968
6.421875 0.5410106381291657
6.4375 0.5410106380809004
6.453125 0.541010638031578
6.46875 0.5410106379811752
6.484375 0.5410106379296691
6.5 0.5410106378770349
6.515625 0.5410106378232481
6.53125 0.5410106377682837
6.546875 0.5410106377121159
6.5625 0.5410106376547181
6.578125 0.5410106375960636
6.59375 0.5410106375361246
6.609375 0.5410106374748731
6.625 0.5410106374122821
6.640625 0.5410106373483189
6.65625 0.541010637282955
6.671875 0.5410106372161599
6.6875 0.5410106371479023
6.703125 0.5410106370781498
6.71875 0.5410106370068699
6.734375 0.5410106369340293
6.75 0.5410106368595932
6.765625 0.5410106367835277
6.78125 0.5410106367057966
6.796875 0.5410106366263634
6.8125 0.5410106365451908
6.828125 0.5410106364622402
6.84375 0.5410106363774738
6.859375 0.5410106362908511
6.875 0.5410106362023317
6.890625 0.5410106361118738
6.90625 0.5410106360194352
6.921875 0.541010635924973
6.9375 0.5410106358284419
6.953125 0.5410106357297967
6.96875 0.541010635628992
6.984375 0.5410106355259794
7 0.5410106354207113
7.015625 0.5410106353131384
7.03125 0.5410106352032099
7.046875 0.5410106350908741
7.0625 0.5410106349760787
7.078125 0.5410106348587693
7.09375 0.5410106347388915
7.109375 0.5410106346163887
7.125 0.5410106344912001
7.140625 0.5410106343632731
7.15625 0.5410106342325453
7.171875 0.5410106340989547
7.1875 0.5410106339624391
7.203125 0.5410106338229342
7.21875 0.5410106336803743
7.234375 0.5410106335346928
7.25 0.5410106333858214
7.265625 0.5410106332336901
7.28125 0.5410106330782279
7.296875 0.5410106329193612
7.3125 0.5410106327570156
7.328125 0.5410106325911155
7.34375 0.5410106324215824
7.359375 0.541010632248337
7.375 0.5410106320712982
7.390625 0.5410106318903823
7.40625 0.5410106317055053
7.421875 0.5410106315165806
7.4375 0.541010631323518
7.453125 0.5410106311262282
7.46875 0.541010630924618
7.484375 0.5410106307185936
7.5 0.5410106305080579
7.515625 0.5410106302929117
7.53125 0.5410106300730548
7.546875 0.5410106298483834
7.5625 0.5410106296187924
7.578125 0.5410106293841738
7.59375 0.5410106291444177
7.609375 0.5410106288994115
7.625 0.5410106286490416
7.640625 0.5410106283931883
7.65625 0.5410106281317325
7.671875 0.5410106278645517
7.6875 0.5410106275915203
7.703125 0.5410106273125106
7.71875 0.541010627027391
7.734375 0.5410106267360283
7.75 0.5410106264382856
7.765625 0.541010626134023
7.78125 0.5410106258230986
7.796875 0.5410106255053652
7.8125 0.5410106251806741
7.828125 0.5410106248488734
7.84375 0.5410106245098074
7.859375 0.5410106241633162
7.875 0.5410106238092383
7.890625 0.5410106234474072
7.90625 0.5410106230776529
7.921875 0.5410106226998019
7.9375 0.5410106223136774
7.953125 0.5410106219190975
7.96875 0.5410106215158781
7.984375 0.541010621103829
8 0.5410106206827568
8.015625 0.5410106202524646
8.03125 0.5410106198127507
8.046875 0.5410106193634079
8.0625 0.5410106189042256
8.078125 0.5410106184349885
8.09375 0.5410106179554763
8.109375 0.5410106174654644
8.125 0.541010616964722
8.140625 0.5410106164530155
8.15625 0.5410106159301039
8.171875 0.5410106153957417
8.1875 0.5410106148496788
8.203125 0.5410106142916591
8.21875 0.54101061372142
8.234375 0.5410106131386938
8.25 0.5410106125432085
8.265625 0.5410106119346835
8.28125 0.5410106113128322
8.296875 0.5410106106773656
8.3125 0.541010610027984
8.328125 0.5410106093643828
8.34375 0.5410106086862504
8.359375 0.5410106079932681
8.375 0.5410106072851126
8.390625 0.5410106065614503
8.40625 0.5410106058219416
8.421875 0.5410106050662391
8.4375 0.5410106042939897
8.453125 0.5410106035048303
8.46875 0.5410106026983911
8.484375 0.5410106018742926
8.5 0.541010601032149
8.515625 0.5410106001715648
8.53125 0.541010599292136
8.546875 0.5410105983934502
8.5625 0.541010597475086
8.578125 0.5410105965366113
8.59375 0.5410105955775877
8.609375 0.5410105945975635
8.625 0.5410105935960794
8.640625 0.5410105925726663
8.65625 0.5410105915268434
8.671875 0.5410105904581194
8.6875 0.5410105893659938
8.703125 0.5410105882499536
8.71875 0.5410105871094757
8.734375 0.5410105859440245
8.75 0.5410105847530531
8.765625 0.541010583536003
8.78125 0.5410105822923026
8.796875 0.5410105810213689
8.8125 0.5410105797226054
8.828125 0.5410105783954023
8.84375 0.5410105770391377
8.859375 0.5410105756531753
8.875 0.5410105742368639
8.890625 0.541010572789539
8.90625 0.5410105713105219
8.921875 0.5410105697991182
8.9375 0.5410105682546195
8.953125 0.5410105666763004
8.96875 0.5410105650634206
8.984375 0.5410105634152231
9 0.5410105617309355
9.015625 0.5410105600097664
9.03125 0.5410105582509083
9.046875 0.5410105564535362
9.0625 0.5410105546168075
9.078125 0.5410105527398601
9.09375 0.5410105508218117
9.109375 0.541010548861764
9.125 0.541010546858797
9.140625 0.5410105448119704
9.15625 0.5410105427203244
9.171875 0.5410105405828777
9.1875 0.5410105383986266
9.203125 0.541010536166545
9.21875 0.541010533885589
9.234375 0.5410105315546861
9.25 0.5410105291727434
9.265625 0.5410105267386427
9.28125 0.5410105242512423
9.296875 0.5410105217093749
9.3125 0.5410105191118481
9.328125 0.5410105164574429
9.34375 0.5410105137449137
9.359375 0.5410105109729878
9.375 0.5410105081403647
9.390625 0.5410105052457149
9.40625 0.5410105022876806
9.421875 0.541010499264874
9.4375 0.5410104961758766
9.453125 0.5410104930192393
9.46875 0.5410104897934791
9.484375 0.5410104864970845
9.5 0.5410104831285081
9.515625 0.5410104796861699
9.53125 0.5410104761684541
9.546875 0.5410104725737108
9.5625 0.5410104689002526
9.578125 0.5410104651463565
9.59375 0.5410104613102609
9.609375 0.5410104573901655
9.625 0.5410104533842311
9.640625 0.541010449290578
9.65625 0.5410104451072856
9.671875 0.5410104408323914
9.6875 0.5410104364638894
9.703125 0.5410104319997294
9.71875 0.5410104274378167
9.734375 0.5410104227760115
9.75 0.5410104180121259
9.765625 0.5410104131439244
9.78125 0.5410104081691229
9.796875 0.5410104030853879
9.8125 0.5410103978903338
9.828125 0.5410103925815222
9.84375 0.5410103871564634
9.859375 0.5410103816126117
9.875 0.541010375947365
9.890625 0.5410103701580652
9.90625 0.5410103642419967
9.921875 0.5410103581963828
9.9375 0.5410103520183869
9.953125 0.541010345705111
9.96875 0.5410103392535925
9.984375 0.5410103326608047
10 0.5410103259236534
10.015625 0.5410103190389777
10.03125 0.5410103120035471
10.046875 0.5410103048140599
10.0625 0.5410102974671431
10.078125 0.5410102899593506
10.09375 0.541010282287159
10.109375 0.541010274446968
10.125 0.5410102664350992
10.140625 0.5410102582477928
10.15625 0.5410102498812085
10.171875 0.5410102413314199
10.1875 0.5410102325944152
10.203125 0.5410102236660957
10.21875 0.5410102145422713
10.234375 0.5410102052186601
10.25 0.541010195690889
10.265625 0.5410101859544867
10.28125 0.5410101760048852
10.296875 0.541010165837416
10.3125 0.5410101554473078
10.328125 0.5410101448296863
10.34375 0.5410101339795682
10.359375 0.5410101228918646
10.375 0.5410101115613706
10.390625 0.5410100999827721
10.40625 0.5410100881506349
10.421875 0.5410100760594077
10.4375 0.5410100637034174
10.453125 0.5410100510768662
10.46875 0.5410100381738295
10.484375 0.5410100249882523
10.5 0.5410100115139489
10.515625 0.5410099977445972
10.53125 0.541009983673735
10.546875 0.5410099692947625
10.5625 0.5410099546009303
10.578125 0.5410099395853445
10.59375 0.5410099242409608
10.609375 0.5410099085605798
10.625 0.5410098925368422
10.640625 0.5410098761622313
10.65625 0.5410098594290623
10.671875 0.5410098423294857
10.6875 0.5410098248554756
10.703125 0.5410098069988353
10.71875 0.541009788751185
10.734375 0.5410097701039636
10.75 0.5410097510484205
10.765625 0.5410097315756166
10.78125 0.5410097116764134
10.796875 0.5410096913414741
10.8125 0.5410096705612578
10.828125 0.5410096493260137
10.84375 0.5410096276257791
10.859375 0.5410096054503707
10.875 0.5410095827893844
10.890625 0.5410095596321867
10.90625 0.5410095359679119
10.921875 0.541009511785457
10.9375 0.541009487073476
10.953125 0.5410094618203722
10.96875 0.5410094360142981
10.984375 0.5410094096431447
11 0.5410093826945381
11.015625 0.5410093551558326
11.03125 0.5410093270141091
11.046875 0.5410092982561622
11.0625 0.5410092688684991
11.078125 0.5410092388373295
11.09375 0.5410092081485631
11.109375 0.5410091767877994
11.125 0.5410091447403245
11.140625 0.541009111991102
11.15625 0.5410090785247645
11.171875 0.5410090443256099
11.1875 0.541009009377592
11.203125 0.541008973664311
11.21875 0.541008937169011
11.234375 0.5410088998745682
11.25 0.541008861763483
11.265625 0.5410088228178734
11.28125 0.5410087830194671
11.296875 0.5410087423495885
11.3125 0.5410087007891555
11.328125 0.5410086583186675
11.34375 0.5410086149181962
11.359375 0.5410085705673793
11.375 0.5410085252454065
11.390625 0.5410084789310116
11.40625 0.5410084316024633
11.421875 0.5410083832375548
11.4375 0.5410083338135925
11.453125 0.5410082833073865
11.46875 0.5410082316952382
11.484375 0.5410081789529316
11.5 0.5410081250557185
11.515625 0.5410080699783105
11.53125 0.5410080136948637
11.546875 0.5410079561789701
11.5625 0.5410078974036427
11.578125 0.5410078373413028
11.59375 0.541007775963769
11.609375 0.5410077132422423
11.625 0.5410076491472928
11.640625 0.541007583648847
11.65625 0.5410075167161722
11.671875 0.5410074483178618
11.6875 0.5410073784218236
11.703125 0.5410073069952616
11.71875 0.5410072340046612
11.734375 0.5410071594157747
11.75 0.5410070831936052
11.765625 0.5410070053023875
11.78125 0.5410069257055738
11.796875 0.5410068443658166
11.8125 0.5410067612449511
11.828125 0.5410066763039757
11.84375 0.5410065895030353
11.859375 0.541006500801401
11.875 0.5410064101574527
11.890625 0.5410063175286615
11.90625 0.5410062228715641
11.921875 0.5410061261417466
11.9375 0.5410060272938215
11.953125 0.5410059262814086
11.96875 0.5410058230571118
11.984375 0.5410057175724978
12 0.5410056097780717
12.015625 0.5410054996232542
12.03125 0.541005387056361
12.046875 0.5410052720245734
12.0625 0.5410051544739177
12.078125 0.5410050343492377
12.09375 0.5410049115941702
12.109375 0.5410047861511169
12.125 0.5410046579612183
12.140625 0.5410045269643255
12.15625 0.5410043930989749
12.171875 0.5410042563023548
12.1875 0.5410041165102792
12.203125 0.5410039736571554
12.21875 0.5410038276759553
12.234375 0.5410036784981838
12.25 0.5410035260538441
12.265625 0.541003370271408
12.28125 0.5410032110777808
12.296875 0.5410030483982674
12.3125 0.5410028821565357
12.328125 0.541002712274585
12.34375 0.5410025386727031
12.359375 0.541002361269435
12.375 0.5410021799815418
12.390625 0.5410019947239604
12.40625 0.5410018054097665
12.421875 0.5410016119501309
12.4375 0.5410014142542813
12.453125 0.5410012122294567
12.46875 0.541001005780864
12.484375 0.5410007948116362
12.5 0.5410005792227829
12.515625 0.5410003589131495
12.53125 0.5410001337793632
12.546875 0.5409999037157888
12.5625 0.5409996686144773
12.578125 0.5409994283651187
12.59375 0.5409991828549834
12.609375 0.5409989319688755
12.625 0.540998675589078
12.640625 0.5409984135952935
12.65625 0.5409981458645925
12.671875 0.540997872271352
12.6875 0.5409975926871992
12.703125 0.5409973069809516
12.71875 0.5409970150185518
12.734375 0.540996716663008
12.75 0.5409964117743281
12.765625 0.5409961002094558
12.78125 0.5409957818222009
12.796875 0.5409954564631728
12.8125 0.5409951239797107
12.828125 0.5409947842158083
12.84375 0.5409944370120454
12.859375 0.5409940822055093
12.875 0.5409937196297223
12.890625 0.5409933491145592
12.90625 0.5409929704861705
12.921875 0.5409925835669003
12.9375 0.5409921881752007
12.953125 0.5409917841255502
12.96875 0.5409913712283645
12.984375 0.5409909492899073
13 0.5409905181122021
13.015625 0.5409900774929348
13.03125 0.5409896272253608
13.046875 0.5409891670982107
13.0625 0.5409886968955886
13.078125 0.54098821639687
13.09375 0.5409877253765987
13.109375 0.5409872236043846
13.125 0.5409867108447893
13.140625 0.540986186857221
13.15625 0.5409856513958187
13.171875 0.5409851042093387
13.1875 0.5409845450410355
13.203125 0.5409839736285401
13.21875 0.5409833897037404
13.234375 0.5409827929926529
13.25 0.5409821832152942
13.265625 0.5409815600855501
13.28125 0.5409809233110412
13.296875 0.5409802725929863
13.3125 0.5409796076260608
13.328125 0.5409789280982558
13.34375 0.5409782336907295
13.359375 0.5409775240776586
13.375 0.5409767989260847
13.390625 0.5409760578957585
13.40625 0.5409753006389819
13.421875 0.5409745268004414
13.4375 0.5409737360170425
13.453125 0.5409729279177423
13.46875 0.5409721021233725
13.484375 0.5409712582464595
13.5 0.5409703958910476
13.515625 0.5409695146525112
13.53125 0.5409686141173641
13.546875 0.5409676938630643
13.5625 0.5409667534578204
13.578125 0.5409657924603818
13.59375 0.5409648104198402
13.609375 0.5409638068754112
13.625 0.5409627813562203
13.640625 0.5409617333810833
13.65625 0.5409606624582791
13.671875 0.5409595680853192
13.6875 0.5409584497487111
13.703125 0.5409573069237206
13.71875 0.5409561390741215
13.734375 0.540954945651946
13.75 0.5409537260972275
13.765625 0.5409524798377383
13.78125 0.54095120628872
13.796875 0.540949904852609
13.8125 0.5409485749187586
13.828125 0.5409472158631481
13.84375 0.5409458270480954
13.859375 0.5409444078219534
13.875 0.5409429575188053
13.890625 0.5409414754581534
13.90625 0.5409399609445992
13.921875 0.5409384132675163
13.9375 0.5409368317007187
13.953125 0.5409352155021179
13.96875 0.5409335639133755
13.984375 0.5409318761595491
14 0.540930151448727
14.015625 0.5409283889716548
14.03125 0.5409265879013611
14.046875 0.5409247473927635
14.0625 0.5409228665822744
14.078125 0.5409209445873988
14.09375 0.5409189805063156
14.109375 0.5409169734174574
14.125 0.5409149223790759
14.140625 0.5409128264288026
14.15625 0.5409106845831937
14.171875 0.5409084958372733
14.1875 0.5409062591640588
14.203125 0.5409039735140782
14.21875 0.5409016378148803
14.234375 0.5408992509705292
14.25 0.5408968118610925
14.265625 0.540894319342114
14.28125 0.5408917722440763
14.296875 0.5408891693718552
14.3125 0.5408865095041537
14.328125 0.5408837913929343
14.34375 0.5408810137628296
14.359375 0.5408781753105442
14.375 0.540875274704249
14.390625 0.5408723105829466
14.40625 0.5408692815558388
14.421875 0.5408661862016731
14.4375 0.5408630230680781
14.453125 0.5408597906708762
14.46875 0.5408564874933923
14.484375 0.5408531119857406
14.5 0.5408496625640953
14.515625 0.5408461376099516
14.53125 0.540842535469363
14.546875 0.540838854452167
14.5625 0.5408350928311895
14.578125 0.5408312488414397
14.59375 0.5408273206792743
14.609375 0.5408233065015576
14.625 0.5408192044247948
14.640625 0.540815012524247
14.65625 0.5408107288330302
14.671875 0.5408063513411898
14.6875 0.5408018779947601
14.703125 0.5407973066947982
14.71875 0.5407926352964012
14.734375 0.5407878616077002
14.75 0.5407829833888279
14.765625 0.5407779983508711
14.78125 0.5407729041547968
14.796875 0.5407676984103539
14.8125 0.540762378674951
14.828125 0.5407569424525118
14.84375 0.5407513871923011
14.859375 0.5407457102877323
14.875 0.5407399090751404
14.890625 0.5407339808325338
14.90625 0.5407279227783175
14.921875 0.5407217320699874
14.9375 0.5407154058027972
14.953125 0.5407089410083935
14.96875 0.5407023346534257
14.984375 0.540695583638121
15 0.5406886847948303
15.015625 0.5406816348865426
15.03125 0.5406744306053651
15.046875 0.5406670685709719
15.0625 0.5406595453290181
15.078125 0.5406518573495158
15.09375 0.5406440010251841
15.109375 0.5406359726697502
15.125 0.5406277685162241
15.140625 0.5406193847151286
15.15625 0.5406108173326938
15.171875 0.5406020623490129
15.1875 0.5405931156561528
15.203125 0.5405839730562291
15.21875 0.540574630259436
15.234375 0.5405650828820324
15.25 0.5405553264442869
15.265625 0.5405453563683728
15.28125 0.5405351679762251
15.296875 0.5405247564873401
15.3125 0.5405141170165353
15.328125 0.5405032445716562
15.34375 0.540492134051236
15.359375 0.5404807802420987
15.375 0.5404691778169139
15.390625 0.5404573213317003
15.40625 0.5404452052232679
15.421875 0.5404328238066078
15.4375 0.5404201712722265
15.453125 0.5404072416834196
15.46875 0.5403940289734841
15.484375 0.5403805269428749
15.5 0.5403667292562947
15.515625 0.5403526294397203
15.53125 0.5403382208773662
15.546875 0.5403234968085802
15.5625 0.5403084503246712
15.578125 0.540293074365667
15.59375 0.5402773617170028
15.609375 0.5402613050061347
15.625 0.5402448966990832
15.640625 0.5402281290968928
15.65625 0.5402109943320245
15.671875 0.5401934843646624
15.6875 0.5401755909789416
15.703125 0.5401573057790946
15.71875 0.5401386201855077
15.734375 0.5401195254307009
15.75 0.5401000125552098
15.765625 0.5400800724033837
15.78125 0.5400596956190892
15.796875 0.540038872641319
15.8125 0.5400175936997093
15.828125 0.539995848809952
15.84375 0.5399736277691111
15.859375 0.5399509201508355
15.875 0.5399277153004672
15.890625 0.5399040023300412
15.90625 0.5398797701131758
15.921875 0.5398550072798556
15.9375 0.5398297022110938
15.953125 0.5398038430334789
15.96875 0.539777417613608
15.984375 0.5397504135523896
16 0.5397228181792286
16.015625 0.5396946185460797
16.03125 0.5396658014213712
16.046875 0.5396363532838004
16.0625 0.5396062603159825
16.078125 0.5395755083979752
16.09375 0.5395440831006481
16.109375 0.5395119696789132
16.125 0.5394791530648093
16.140625 0.5394456178604274
16.15625 0.539411348330691
16.171875 0.5393763283959666
16.1875 0.539340541624526
16.203125 0.5393039712248323
16.21875 0.5392666000376598
16.234375 0.5392284105280458
16.25 0.5391893847770626
16.265625 0.5391495044734091
16.28125 0.5391087509048178
16.296875 0.5390671049492776
16.3125 0.5390245470660576
16.328125 0.5389810572865426
16.34375 0.538936615204861
16.359375 0.5388911999683106
16.375 0.5388447902675731
16.390625 0.5387973643267198
16.40625 0.5387488998929894
16.421875 0.5386993742263495
16.4375 0.5386487640888244
16.453125 0.5385970457335943
16.46875 0.5385441948938522
16.484375 0.5384901867714162
16.5 0.5384349960250947
16.515625 0.5383785967587963
16.53125 0.53832096250938
16.546875 0.5382620662342363
16.5625 0.5382018802986011
16.578125 0.5381403764625867
16.59375 0.5380775258679316
16.609375 0.538013299024463
16.625 0.5379476657962536
16.640625 0.5378805953874904
16.65625 0.5378120563280168
16.671875 0.5377420164585692
16.6875 0.5376704429156883
16.703125 0.5375973021162984
16.71875 0.5375225597419517
16.734375 0.5374461807227234
16.75 0.5373681292207575
16.765625 0.5372883686134506
16.78125 0.5372068614762689
16.796875 0.537123569565187
16.8125 0.537038453798747
16.828125 0.5369514742397159
16.84375 0.5368625900763511
16.859375 0.5367717596032477
16.875 0.5366789402017725
16.890625 0.5365840883200654
16.90625 0.5364871594526053
16.921875 0.5363881081193254
16.9375 0.5362868878442755
16.953125 0.5361834511338168
16.96875 0.5360777494543323
16.984375 0.5359697332094591
17 0.5358593517168151
17.015625 0.5357465531842178
17.03125 0.5356312846853846
17.046875 0.5355134921350965
17.0625 0.5353931202638256
17.078125 0.5352701125917956
17.09375 0.535144411402485
17.109375 0.5350159577155463
17.125 0.5348846912591291
17.140625 0.5347505504416031
17.15625 0.534613472322655
17.171875 0.5344733925837593
17.1875 0.5343302454979968
17.203125 0.5341839638992188
17.21875 0.5340344791505273
17.234375 0.533881721112072
17.25 0.5337256181081399
17.265625 0.5335660968935246
17.28125 0.5334030826191603
17.296875 0.5332364987969971
17.3125 0.5330662672641173
17.328125 0.5328923081460569
17.34375 0.5327145398193273
17.359375 0.5325328788731223
17.375 0.532347240070173
17.390625 0.5321575363067602
17.40625 0.5319636785718388
17.421875 0.5317655759052782
17.4375 0.5315631353551794
17.453125 0.5313562619342612
17.46875 0.5311448585752924
17.484375 0.5309288260855466
17.5 0.5307080631002581
17.515625 0.5304824660350634
17.53125 0.530251929037397
17.546875 0.5300163439368222
17.5625 0.5297756001942795
17.578125 0.5295295848502178
17.59375 0.5292781824715967
17.609375 0.5290212750977196
17.625 0.5287587421848861
17.640625 0.5284904605498328
17.65625 0.5282163043119361
17.671875 0.5279361448341435
17.6875 0.5276498506626187
17.703125 0.5273572874650612
17.71875 0.5270583179676765
17.734375 0.5267528018907649
17.75 0.5264405958829
17.765625 0.5261215534536704
17.78125 0.5257955249049409
17.796875 0.5254623572606152
17.8125 0.5251218941948543
17.828125 0.5247739759587318
17.84375 0.5244184393052722
17.859375 0.5240551174128606
17.875 0.5236838398069615
17.890625 0.5233044322801337
17.90625 0.5229167168102897
17.921875 0.5225205114771679
17.9375 0.5221156303769693
17.953125 0.5217018835351322
17.96875 0.5212790768171937
17.984375 0.5208470118377004
18 0.5204054858671237
18.015625 0.5199542917367342
18.03125 0.5194932177414001
18.046875 0.5190220475402494
18.0625 0.5185405600551625
18.078125 0.5180485293670404
18.09375 0.5175457246097972
18.109375 0.5170319098620406
18.125 0.5165068440363721
18.140625 0.5159702807662654
18.15625 0.5154219682904705
18.171875 0.514861649334884
18.1875 0.5142890609918345
18.203125 0.5137039345967185
18.21875 0.5131059956019479
18.234375 0.5124949634481218
18.25 0.5118705514323912
18.265625 0.5112324665739313
18.28125 0.5105804094764714
18.296875 0.5099140741878176
18.3125 0.5092331480562949
18.328125 0.5085373115840469
18.34375 0.5078262382771275
18.359375 0.5070995944923024
18.375 0.5063570392805022
18.390625 0.5055982242268455
18.40625 0.5048227932871577
18.421875 0.5040303826209124
18.4375 0.503220620420513
18.453125 0.5023931267368369
18.46875 0.5015475133009594
18.484375 0.5006833833419728
18.5 0.4998003314008174
18.515625 0.4988979431400374
18.53125 0.497975795149367
18.546875 0.4970334547470637
18.5625 0.4960704797768885
18.578125 0.4950864184006413
18.59375 0.4940808088861534
18.609375 0.4930531793906388
18.625 0.4920030477392994
18.640625 0.4909299211990841
18.65625 0.4898332962474933
18.671875 0.4887126583363198
18.6875 0.4875674816502175
18.703125 0.4863972288599844
18.71875 0.4852013508704408
18.734375 0.4839792865627879
18.75 0.4827304625313253
18.765625 0.4814542928144025
18.78125 0.4801501786194805
18.796875 0.4788175080421707
18.8125 0.4774556557791221
18.828125 0.4760639828346241
18.84375 0.4746418362207831
18.859375 0.4731885486511309
18.875 0.4717034382275281
18.890625 0.4701858081202122
18.90625 0.4686349462408344
18.921875 0.4670501249083417
18.9375 0.4654306005075413
18.953125 0.4637756131401874
18.96875 0.4620843862684302
18.984375 0.4603561263504539
19 0.4585900224681402
19.015625 0.4567852459465772
19.03125 0.4549409499652337
19.046875 0.4530562691606246
19.0625 0.4511303192202712
19.078125 0.4491621964677737
19.09375 0.4471509774387949
19.109375 0.4450957184477625
19.125 0.4429954551450804
19.140625 0.4408492020646466
19.15625 0.4386559521614615
19.171875 0.4364146763391109
19.1875 0.4341243229669028
19.203125 0.4317838173864327
19.21875 0.4293920614073414
19.234375 0.4269479327920314
19.25 0.424450284729102
19.265625 0.4218979452952527
19.28125 0.4192897169054047
19.296875 0.4166243757507801
19.3125 0.4139006712246785
19.328125 0.4111173253356785
19.34375 0.4082730321079917
19.359375 0.4053664569686819
19.375 0.4023962361214721
19.390625 0.3993609759068352
19.40625 0.3962592521480747
19.421875 0.3930896094830841
19.4375 0.389850560681478
19.453125 0.386540585946765
19.46875 0.383158132203244
19.484375 0.3797016123672854
19.5 0.3761694046026529
19.515625 0.372559851559521
19.53125 0.3688712595968279
19.546875 0.3651018979876039
19.5625 0.3612499981068911
19.578125 0.3573137526018894
19.59375 0.3532913145439253
19.609375 0.3491807965618537
19.625 0.344980269956483
19.640625 0.3406877637956088
19.65625 0.336301263989231
19.671875 0.3318187123445215
19.6875 0.3272380056000978
19.703125 0.32255699443915
19.71875 0.3177734824809594
19.734375 0.3128852252503313
19.75 0.3078899291244642
19.765625 0.3027852502567578
19.78125 0.2975687934770529
19.796875 0.2922381111677946
19.8125 0.2867907021155829
19.828125 0.281224010337575
19.84375 0.2755354238821921
19.859375 0.2697222736035635
19.875 0.2637818319091347
19.890625 0.2577113114798515
19.90625 0.2515078639623199
19.921875 0.2451685786323287
19.9375 0.2386904810291057
19.953125 0.2320705315596687
19.96875 0.2253056240726161
19.984375 0.218392584400688
20 0.2113281688714115
