#                   1                    2                    3                    4                    5                    6 
#                   T                 Himp                 Hpot              SigmaHd                  n_d               n_d_ud 
      1.0820212806667    0.023309460938706    0.023309460938706    0.048872625853403     0.97745251706806     0.23309460938706 
     0.54101064033336    0.021710724536962    0.021710724536962    0.047804579818479     0.95609159636958     0.21710724536962 
     0.27050532016668     0.01880869495753     0.01880869495753    0.045855558860872     0.91711117721744      0.1880869495753 
     0.13525266008334    0.014115087546285    0.014115087546285    0.042658220645731     0.85316441291462     0.14115087546285 
     0.06762633004167   0.0081896711822561   0.0081896711822561     0.03845434575029     0.76908691500581    0.081896711822561 
    0.033813165020835   0.0036705157493281   0.0036705157493281    0.034702906632392     0.69405813264785    0.036705157493281 
    0.016906582510418   0.0021426832950458   0.0021426832950458    0.032077341915944     0.64154683831888    0.021426832950458 
   0.0084532912552088   0.0018558123092169   0.0018558123092169    0.029253828887947     0.58507657775895    0.018558123092169 
   0.0042266456276044   0.0017078097465775   0.0017078097465775    0.026198656081522     0.52397312163045    0.017078097465775 
   0.0021133228138022   0.0016115260435451   0.0016115260435451    0.024161812195964     0.48323624391927    0.016115260435451 
   0.0010566614069011   0.0015703021368135   0.0015703021368135    0.023351378077547     0.46702756155093    0.015703021368135 
  0.00052833070345055    0.001558851039857    0.001558851039857    0.023130492111036     0.46260984222072     0.01558851039857 
  0.00026416535172527   0.0015556284203414   0.0015556284203414    0.023071457647984     0.46142915295969    0.015556284203414 
  0.00013208267586264   0.0015549380586297   0.0015549380586297    0.023057937868467     0.46115875736934    0.015549380586297 
  6.6041337931319e-05   0.0015547128036732   0.0015547128036732    0.023054022724082     0.46108045448165    0.015547128036732 
  3.3020668965659e-05   0.0015546805306466   0.0015546805306466    0.023053286255824     0.46106572511648    0.015546805306466 
   1.651033448283e-05   0.0015546610070213   0.0015546610070213    0.023052987019709     0.46105974039417    0.015546610070213 
  8.2551672414148e-06   0.0015546617094928   0.0015546617094928    0.023052968348462     0.46105936696923    0.015546617094928 
  4.1275836207074e-06   0.0015546591295939   0.0015546591295939    0.023052935956923     0.46105871913846    0.015546591295939 
  2.0637918103537e-06   0.0015546598533817   0.0015546598533817     0.02305294163719     0.46105883274379    0.015546598533817 
  1.0318959051769e-06   0.0015546593522132   0.0015546593522132    0.023052936189094     0.46105872378188    0.015546593522132 
  5.1594795258843e-07   0.0015546595674206   0.0015546595674206    0.023052938256047     0.46105876512094    0.015546595674206 
  2.5797397629421e-07    0.001554659451116    0.001554659451116    0.023052937059609     0.46105874119218     0.01554659451116 
  1.2898698814711e-07   0.0015546595070591   0.0015546595070591    0.023052937616779     0.46105875233558    0.015546595070591 
  6.4493494073553e-08   0.0015546594785446   0.0015546594785446    0.023052937328018     0.46105874656036    0.015546594785446 
