# Input file for NRG Ljubljana
# symtype  QS
# Using sneg version  2.0.13
#!9
# Number of channels, chain sites, subspaces: 
1 24 6
# SCALE  1
# Energies (GS energy subtracted, multiplied by 1/SCALE):
-2 1
1
0.14215040783083158
-1 2
2
0.06236195175054503 0.2219388639111181
0 1
3
0. 0.18771258857601622 0.33873863491647854
0 3
1
0.14215040783083158
1 2
2
0.09798991864520865 0.2863108970164545
2 1
1
0.24215040783083158
# Irreducible matrix elements for Wilson chains:
f 0 0
6
2 1 1 2
-0.6848296968561177 -1.237339196139829
1 2 0 3
-1.071567176955308
0.5930799147433939
1 2 0 1
-0.6212194200711494 0.4798891402360256 0.03226102344941084
-0.04803637395672189 0.4351418021497359 -0.8313219535023477
0 3 -1 2
0.7071067811865475 0.7071067811865476
0 1 -1 2
-1.1043052045399069 0.0637800363215999
-0.5233852184710207 0.9416920745641104
0.08110442843715138 0.780479431932679
-1 2 -2 1
-0.7071067811865476
0.7071067811865475
# GS energy in absolute units:
e
-0.14215040783083158
# Irreducible matrix elements for other operators:
sHimp
6
-2 1 -2 1
0.
-1 2 -1 2
0. 0.
0. 0.
0 1 0 1
0.011754790467251138 -0.02102043847773496 0.024401744077010058
-0.02102043847773496 0.03758968184309706 -0.043636282718034144
0.024401744077010054 -0.043636282718034144 0.05065552768965182
0 3 0 3
0.
1 2 1 2
0.023449585684802102 0.04236833133003157
0.04236833133003157 0.07655041431519789
2 1 2 1
0.1
sHpot
6
-2 1 -2 1
0.
-1 2 -1 2
0. 0.
0. 0.
0 1 0 1
0.011754790467251138 -0.02102043847773496 0.024401744077010058
-0.02102043847773496 0.03758968184309706 -0.043636282718034144
0.024401744077010054 -0.043636282718034144 0.05065552768965182
0 3 0 3
0.
1 2 1 2
0.023449585684802102 0.04236833133003157
0.04236833133003157 0.07655041431519789
2 1 2 1
0.1
sn_d
6
-2 1 -2 1
0.
-1 2 -1 2
0.4999999999999999 0.5
0.5 0.5000000000000001
0 1 0 1
0.7764421221928905 -0.638038175456266 0.03978503591745308
-0.638038175456266 0.8392839497891836 -0.6925224364147571
0.03978503591745308 -0.6925224364147571 1.3842739280179261
0 3 0 3
1.
1 2 1 2
1.2344958568480209 0.42368331330031567
0.42368331330031567 1.765504143151979
2 1 2 1
2.
sn_d_ud
6
-2 1 -2 1
0.
-1 2 -1 2
0. 0.
0. 0.
0 1 0 1
0.11754790467251137 -0.2102043847773496 0.24401744077010054
-0.2102043847773496 0.37589681843097056 -0.4363628271803414
0.24401744077010054 -0.4363628271803414 0.5065552768965182
0 3 0 3
0.
1 2 1 2
0.23449585684802102 0.42368331330031567
0.42368331330031567 0.7655041431519789
2 1 2 1
1.
dA_d
6
2 1 1 2
-1.237339196139829 0.6848296968561177
1 2 0 3
0.5930799147433939
1.071567176955308
1 2 0 1
-0.7629329281963095 -0.5396386526072172 -0.09734240217942969
-0.172372520946234 0.5377249759102467 0.5462485631367604
0 3 -1 2
0.7071067811865476 -0.7071067811865475
0 1 -1 2
0.8631151831550283 -0.17740998506327854
-0.8222576756512818 -0.4039508195581921
0.28093503775751016 1.1425188981273406
-1 2 -2 1
0.7071067811865475
0.7071067811865476
dself_d
6
2 1 1 2
-0.1237339196139829 0.06848296968561178
1 2 0 3
0.0593079914743394
0.1071567176955308
1 2 0 1
-0.02519359715113918 0.01012820712065448 0.02086100111086093
-0.045519382979401765 0.018299480461404814 0.03769131867920128
0 3 -1 2
0. 0.
0 1 -1 2
0.03428525990458748 0.03428525990458749
-0.06131042476047369 -0.06131042476047371
0.07117269679424255 0.07117269679424257
-1 2 -2 1
0.
0.
sSigmaHd
6
-2 1 -2 1
0.
-1 2 -1 2
0.024999999999999998 0.025
0.025 0.025000000000000005
0 1 0 1
0.038822106109644525 -0.0319019087728133 0.0019892517958726603
-0.0319019087728133 0.04196419748945918 -0.034626121820737855
0.001989251795872657 -0.034626121820737855 0.06921369640089631
0 3 0 3
0.05
1 2 1 2
0.06172479284240105 0.021184165665015783
0.021184165665015783 0.08827520715759894
2 1 2 1
0.1
# Discretization tables (legacy form):
z
24
0.47223280211507753577
0.25572839984030916709
0.13320845962628894869
0.067364349001598627543
0.033780212809481314025
0.016902457067659955446
0.0084527753741703962003
0.0042265811362014763433
0.0021133147521807829485
0.0010566603991922935288
0.00052833057748675632865
0.00026416533597979410418
0.00013208267389445184908
0.000066041337685295361806
0.0000330206689349063633
0.000016510334478985517035
8.2551672409343004434e-6
4.1275836206473429625e-6
2.0637918103461955739e-6
1.0318959051759132985e-6
5.159479525883085882e-7
2.5797397629419828647e-7
1.2898698814710464228e-7
6.4493494073553008521e-8
3.2246747036776590183e-8
24
0.e-999
0.e-999
0.e-998
0.e-997
0.e-996
0.e-995
0.e-994
0.e-993
0.e-992
0.e-991
0.e-990
0.e-990
0.e-989
0.e-988
0.e-987
0.e-986
0.e-985
0.e-984
0.e-983
0.e-982
0.e-981
0.e-980
0.e-979
0.e-979
0.e-978
