-3 8.25968201511e-11
-2.72727272727 3.51369579249e-10
-2.47933884298 1.38200565693e-09
-2.2539444027 5.08064282611e-09
-2.0490403661 1.71500271845e-08
-1.86276396918 5.14885320519e-08
-1.69342179016 1.33848108532e-07
-1.53947435469 2.97815001685e-07
-1.39952214063 5.73235096734e-07
-1.27229285512 1.00002497156e-06
-1.15662986829 1.73896750735e-06
-1.05148169844 3.32594340266e-06
-0.955892453131 6.96797884026e-06
-0.86899313921 1.45336284572e-05
-0.789993762918 2.77133829672e-05
-0.718176148107 4.61575802463e-05
-0.65288740737 6.56773488904e-05
-0.5935340067 7.89079206057e-05
-0.539576369728 7.96129258624e-05
-0.49052397248 6.76916042395e-05
-0.445930884072 4.98692534879e-05
-0.405391712793 3.50205139326e-05
-0.368537920721 2.86615068208e-05
-0.335034473383 3.14452325639e-05
-0.304576793984 4.22499462543e-05
-0.276887994531 6.28512738296e-05
-0.251716358665 0.000100040369268
-0.228833053332 0.000162192988977
-0.208030048483 0.000251063500216
-0.189118225894 0.000354091602522
-0.171925659904 0.000443998812149
-0.156296054458 0.000489457399985
-0.142087322234 0.000473575048169
-0.12917029294 0.000408167580568
-0.117427539037 0.000330091325311
-0.106752308215 0.000279101345388
-0.0970475529228 0.000274728476467
-0.0882250481117 0.000311818751715
-0.0802045891924 0.000376165681633
-0.0729132629022 0.000461323853514
-0.0662847844565 0.00056784080012
-0.0602588949605 0.00068949578953
-0.0547808136004 0.000809519954917
-0.0498007396368 0.000914456271383
-0.0452733996698 0.00100294917881
-0.0411576360634 0.00107111151704
-0.037416032785 0.00109622499418
-0.034014575259 0.00105166057845
-0.0309223411446 0.00093979845071
-0.0281112192224 0.000796971400182
-0.0255556538385 0.000662627271285
-0.0232324125805 0.00055352526949
-0.0211203750731 0.000468350875526
-0.0192003409756 0.000405890584477
-0.0174548554323 0.000378591008543
-0.015868050393 0.000423627508724
-0.0144255003573 0.000604346705887
-0.0131140912339 0.000973071557913
-0.0119219011217 0.00149227111614
-0.0108380919289 0.00198613300633
-0.00985281084442 0.00221536350421
-0.00895710076765 0.00204967376475
-0.00814281887968 0.00157304712366
-0.0074025626179 0.00100846120982
-0.0067296023799 0.000549211299814
-0.00611782034537 0.000264271767803
-0.00556165485943 0.000127140300181
-0.0050560498722 9.55956039718e-05
-0.00459640897473 0.000171973851933
-0.00417855361339 0.000423832284204
-0.00379868510308 0.000951111825085
-0.00345335009371 0.00178072331487
-0.0031394091761 0.00273789508089
-0.00285400834191 0.00344572737101
-0.0025945530381 0.00354720009412
-0.00235868458009 0.00298689086416
-0.00214425870917 0.00205785963096
-0.00194932609925 0.00116094520867
-0.00177211463568 0.000537463899639
-0.00161101330516 0.00020663808784
-0.00146455755015 7.51180994482e-05
-0.00133141595468 6.15043618423e-05
-0.00121037814062 0.000158904940453
-0.0011003437642 0.00044605958319
-0.00100031251291 0.00104765334438
-0.000909375011735 0.00201518311844
-0.000826704556123 0.00316884351297
-0.000751549596476 0.00407270480208
-0.000683226905887 0.00427806158544
-0.000621115368988 0.00367278820241
-0.000564650335444 0.00257716619339
-0.000513318486767 0.00147815274525
-0.000466653169788 0.000693209394855
-0.000424230154353 0.000266727406129
-0.000385663776684 8.89635669826e-05
-0.000350603433349 4.74687979897e-05
-0.000318730393954 0.000104039945584
-0.000289754903595 0.00031203623165
-0.000263413548722 0.000795973556622
-0.000239466862475 0.00166329243634
-0.000217697147704 0.00284096368145
-0.000197906497913 0.00396582082227
-0.000179914998103 0.00452448580544
-0.000163559089184 0.00421869326856
-0.000148690081077 0.00321488781592
-0.000135172800979 0.00200236992305
-0.000122884364526 0.00101941083019
-0.00011171305866 0.000424563402299
-0.000101557326055 0.000146699456679
-9.23248418679e-05 0.000178516631028
-8.39316744254e-05 0.000570689125063
-7.63015222049e-05 0.00106688993727
-6.93650201863e-05 0.0014578357883
-6.30591092603e-05 0.00165870223477
-5.73264629639e-05 0.00170842762588
-5.21149663308e-05 0.00169630855474
-4.73772421189e-05 0.00168055720968
-4.30702201081e-05 0.0016745002506
-3.91547455528e-05 0.00167447123264
-3.55952232298e-05 0.00167702766077
-3.23592938453e-05 0.00168084199337
-2.94175398594e-05 0.00168537273276
-2.6743218054e-05 0.00169029392815
-2.43120164127e-05 0.00169537706735
-2.21018331024e-05 0.00170046119204
-2.00925755477e-05 0.00170543538306
-1.82659777706e-05 0.00171022563745
-1.66054343369e-05 0.0017147849807
-1.50958493972e-05 0.00171908606169
-1.3723499452e-05 0.00172311562887
-1.24759085927e-05 0.00172687042457
-1.13417350843e-05 0.00173035414449
-1.03106682585e-05 0.00173357519575
1.03106682585e-05 0.00180348956426
1.13417350843e-05 0.00180699911011
1.24759085927e-05 0.00181083262752
1.3723499452e-05 0.0018150117225
1.50958493972e-05 0.00181955620584
1.66054343369e-05 0.00182448252562
1.82659777706e-05 0.00182980156766
2.00925755477e-05 0.00183551560084
2.21018331024e-05 0.00184161406883
2.43120164127e-05 0.00184806783152
2.6743218054e-05 0.00185482133382
2.94175398594e-05 0.00186178200888
3.23592938453e-05 0.00186880554607
3.55952232298e-05 0.00187567002011
3.91547455528e-05 0.00188199668507
4.30702201081e-05 0.00188692061981
4.73772421189e-05 0.00188785882803
5.21149663308e-05 0.00187734043974
5.73264629639e-05 0.00184134365545
6.30591092603e-05 0.00178582746436
6.93650201863e-05 0.001840183138
7.63015222049e-05 0.00233424125549
8.39316744254e-05 0.00342791405096
9.23248418679e-05 0.00443429006231
0.000101557326055 0.00429090134504
0.00011171305866 0.00324968596201
0.000122884364526 0.00201151001776
0.000135172800979 0.00101768807841
0.000148690081077 0.000421230218553
0.000163559089184 0.000144989678047
0.000179914998103 5.34127446563e-05
0.000197906497913 6.78086193513e-05
0.000217697147704 0.000202875251713
0.000239466862475 0.00056202880783
0.000263413548722 0.00128190514323
0.000289754903595 0.00239062279631
0.000318730393954 0.00364377736514
0.000350603433349 0.00453905654277
0.000385663776684 0.00462116729
0.000424230154353 0.00384516215953
0.000466653169788 0.00261498434707
0.000513318486767 0.00145365758436
0.000564650335444 0.000660942500413
0.000621115368988 0.000247624783477
0.000683226905887 8.54511126868e-05
0.000751549596476 6.49223717942e-05
0.000826704556123 0.00016827711761
0.000909375011735 0.000479560526236
0.00100031251291 0.00114093046036
0.0011003437642 0.00222187381403
0.00121037814062 0.00353738373973
0.00133141595468 0.00460385850008
0.00146455755015 0.00489862078767
0.00161101330516 0.0042621021678
0.00177211463568 0.00303367042894
0.00194932609925 0.00176855077832
0.00214425870917 0.000848163866441
0.00235868458009 0.000344874395879
0.0025945530381 0.000155142983497
0.00285400834191 0.000188518041233
0.0031394091761 0.000466684924434
0.00345335009371 0.00110513470556
0.00379868510308 0.00217949982791
0.00417855361339 0.00353084690761
0.00459640897473 0.00469383886879
0.0050560498722 0.00512570499625
0.00556165485943 0.00461013711826
0.00611782034537 0.00343607568683
0.0067296023799 0.00215677739804
0.0074025626179 0.00120234130402
0.00814281887968 0.000718712346622
0.00895710076765 0.000671395854267
0.00985281084442 0.000985070596698
0.0108380919289 0.00155754902598
0.0119219011217 0.00219963625281
0.0131140912339 0.00265087460586
0.0144255003573 0.00271933474205
0.015868050393 0.00241691469369
0.0174548554323 0.00193800575761
0.0192003409756 0.00150208914348
0.0211203750731 0.00122196556805
0.0232324125805 0.0010993532711
0.0255556538385 0.00110033046088
0.0281112192224 0.00120896837446
0.0309223411446 0.00141896993611
0.034014575259 0.00169806408448
0.037416032785 0.00197432424194
0.0411576360634 0.00216177491348
0.0452733996698 0.00221326661917
0.0498007396368 0.00217527525224
0.0547808136004 0.00221631968678
0.0602588949605 0.00261759147085
0.0662847844565 0.00373129858892
0.0729132629022 0.00587331837573
0.0802045891924 0.00907619188635
0.0882250481117 0.0127839304491
0.0970475529228 0.015869995371
0.106752308215 0.0172586181489
0.117427539037 0.0167128232775
0.12917029294 0.0149405355177
0.142087322234 0.0128819549127
0.156296054458 0.0109950488187
0.171925659904 0.00921706745517
0.189118225894 0.00738800743056
0.208030048483 0.00554623436307
0.228833053332 0.00388439941502
0.251716358665 0.00256637315431
0.276887994531 0.0016288977172
0.304576793984 0.00100733296535
0.335034473383 0.000609174564109
0.368537920721 0.000364843144365
0.405391712793 0.000235566964135
0.445930884072 0.000195272413191
0.49052397248 0.000212645919556
0.539576369728 0.000248285248275
0.5935340067 0.000266017160494
0.65288740737 0.000247353494255
0.718176148107 0.000196790062869
0.789993762918 0.000133711158934
0.86899313921 7.78814485682e-05
0.955892453131 3.9391470802e-05
1.05148169844 1.78945900814e-05
1.15662986829 7.80955795204e-06
1.27229285512 3.54445804247e-06
1.39952214063 1.69824391723e-06
1.53947435469 8.00552868487e-07
1.69342179016 3.4265921825e-07
1.86276396918 1.27554985908e-07
2.0490403661 4.09226188928e-08
2.2539444027 1.14734739095e-08
2.47933884298 2.89135496603e-09
2.72727272727 6.73694741144e-10
3 1.46396121564e-10
