#               T           <Sz^2>              <Q>            <Q^2>              <E>            <E^2>                C                F                S 
 1.082021280666723 0.2524738481811284 -0.02253726919037036 0.9873892038546108 0.1474841213767015 0.02869745041710545 0.006945884358847833 -2.62161454792343 2.769098669300131 
 0.5410106403333613 0.3372293447416851 -0.04384497829362782 1.305289583858865 1.074414340045527 1.80818929124875 0.6538231171532856 -2.724973712004852 3.799388052050379 
 0.2705053201666807 0.3637835997382506 -0.08260725775848227 1.373817321618382 1.234038110667994 3.242365064671984 1.719515006090951 -2.977556154231054 4.211594264899048 
 0.1352526600833403 0.364571123215887 -0.1462436795479462 1.317726626769652 1.429400823416678 3.888353263583124 1.845166549598846 -2.672217793544281 4.101618616960959 
 0.06762633004167017 0.3733716882728342 -0.2296809008310286 1.285359350140589 1.409266885675106 3.943168802566569 1.957135647506156 -2.665859869281754 4.075126754956861 
 0.03381316502083508 0.3662337919744748 -0.3047101331116079 1.226922499322856 1.461269964351491 4.101312335168712 1.966002426452904 -2.392091793281616 3.853361757633107 
 0.01690658251041754 0.3530987371547078 -0.356016355220426 1.223516640122189 1.49041612184995 4.222991998414777 2.001651782144533 -2.272769555679127 3.763185677529076 
 0.008453291255208771 0.3216645814816197 -0.414002347813906 1.211699641999684 1.502277700338281 4.28138345578872 2.024545166855046 -2.02599068871959 3.528268389057871 
 0.004226645627604385 0.2883110054507593 -0.4709913056742898 1.219750504731298 1.462385789992395 4.278687418730795 2.140115219959115 -1.87424653295026 3.336632322942655 
 0.002113322813802193 0.2598163309009436 -0.5186572336761119 1.224085618813033 1.377855719308246 3.884107986575311 1.985621603344865 -1.713768278434617 3.091623997742863 
 0.001056661406901096 0.2445758411643284 -0.5234135132798003 1.210522085484571 1.298129332921635 3.587428627478091 1.902288862486522 -1.673810253439556 2.971939586361191 
 0.0005283307034505482 0.2364435834819793 -0.5429052023223052 1.219699111666822 1.285431879956066 3.467326172538892 1.814991054531505 -1.60976992093211 2.895201800888177 
 0.0002641653517252741 0.2331907606704024 -0.5264000645405315 1.199442512897103 1.24814434913772 3.344300775570354 1.786436459285931 -1.622930747989302 2.871075097127022 
 0.000132082675862637 0.2307669925646029 -0.5458661963868487 1.215872855154269 1.26220997699143 3.362281909420819 1.769107883404112 -1.584368549657805 2.846578526649236 
 6.604133793131852e-05 0.2303921376732223 -0.525927114395905 1.19555679435577 1.236700241658074 3.291081282499277 1.761653794782138 -1.610382768605972 2.847083010264046 
 3.302066896565926e-05 0.2293616209878585 -0.5463838192287555 1.214693084381031 1.256340476442438 3.335253479083814 1.756862086336202 -1.578050373047918 2.834390849490355 
 1.651033448282963e-05 0.2296913584539024 -0.525731424822329 1.194505587549347 1.233890693049456 3.278322142940084 1.755835900546017 -1.607243467981909 2.841134161031365 
 8.255167241414815e-06 0.2290110628107806 -0.5464992257678825 1.214383648178029 1.254865460536049 3.328401819091647 1.753714495045298 -1.576472280310086 2.831337740846135 
 4.127583620707408e-06 0.2295160008943975 -0.5256776700046145 1.194237631056666 1.233190891911091 3.275165423141476 1.754405647249005 -1.606458209015334 2.839649100926425 
 2.063791810353704e-06 0.2289234716461372 -0.546527201247372 1.214305376766485 1.254496182967983 3.326682299998915 1.752921626917675 -1.5760778407764 2.830574023744384 
 1.031895905176852e-06 0.229472149815498 -0.5256639294011798 1.19417031701308 1.233016092033434 3.274378285801785 1.754049602588383 -1.606261862411792 2.839277954445226 
 5.159479525884259e-07 0.2289015768713262 -0.5465341403410976 1.21428575180045 1.254403830197715 3.326251997009454 1.752723027794756 -1.575979236020587 2.830383066218302 
 2.57973976294213e-07 0.2294611862912777 -0.5256604753834562 1.194153468151212 1.232972401284343 3.274181628728898 1.753960686400019 -1.606212773694593 2.839185174978935 
 1.289869881471065e-07 0.2288961033660427 -0.5465358716907436 1.214280841987979 1.254380739909059 3.326144394649304 1.752673353994505 -1.575954585150594 2.830335325059653 
 6.449349407355324e-08 0.229458445362682 -0.5256596106998731 1.194149254663129 1.232961479170537 3.274132472408342 1.753938463289943 -1.606200501384928 2.839161980555465 
