# Input file for NRG Ljubljana
# symtype  QS
# Using sneg version  2.0.13
#!9
# Number of channels, chain sites, subspaces: 
1 24 6
# SCALE  1
# Energies (GS energy subtracted, multiplied by 1/SCALE):
-2 1
4
0.117404297296687776 0.620197025900873 1.16213795276542031 1.88970195010894826
-1 2
8
0.0632108556822694734 0.217616425676905256 0.577153216206328978 0.707967828888026451 1.10846488443029489 1.22210294452160695 1.6508722022801281 1.91149409445829921
0 1
12
0 0.130976583697585913 0.295496540306689703 0.525766423814816086 0.63758336597610632 0.774747218958233397 1.06076427181727539 1.18210549241351015 1.29288391217045651 1.61583566556960578 1.91278410262860232 1.97938010086290883
0 3
4
0.167360306517982366 0.667360306517982282 1.16736030651798228 1.66736030651798228
1 2
8
0.0871458667903177719 0.233719112498056297 0.601287989438706871 0.723813678893702184 1.12602846640518051 1.24437359632285949 1.65374430990034171 1.94876943189469398
2 1
4
0.157404297296687784 0.660197025900873036 1.20213795276542035 1.92970195010894852
# Irreducible matrix elements for Wilson chains:
f 0 0
6
2 1 1 2
-1.03207145080520291 -0.962428955499514571 -0.0792192039390507696 0.046043702598878751 -0.0116809170943864976 0.00486042427748459294 -0.00179650268448062339 0.000162040082963457732
-0.0441353129666318955 0.0838990250688487899 -1.02349655092929304 -0.964387050716744687 0.10542209621857479 -0.0445595315572044348 0.0179736764061552839 -0.00174101127596548721
0.00570127567550024472 -0.0109655387913897007 0.0547037138638079012 -0.0968134718981754627 -0.839928625670581686 -1.12582582402124665 0.119950963549294812 -0.011392622736628652
-0.000440886125847392979 0.000912663070374131191 -0.00543810719906392959 0.0101289414953091295 0.0486415895995752356 -0.0594777840908592426 -0.337117944392748614 -1.37124566899191791
1 2 0 3
-0.835420595732145221 0.0409145002184226544 -0.0058014819069289519 0.000834535239827077541
0.891748116512098732 0.067942273540025036 -0.00973577505460017714 0.00146501117114942623
0.072907303648153815 -0.836148583143173751 0.0532242281861253566 -0.00866299592723090116
0.0378486841644751701 0.886063616816907262 0.0839406251113146706 -0.0135767471920328342
-0.00819394950408192796 -0.0755292408247154046 0.976243457810742732 -0.0430654393045423398
-0.00646425462212564528 -0.0603951648822338982 -0.729567230769200825 -0.0962775516468566128
0.000546324648232126989 0.00581261502104057741 0.0367423162777910303 -1.1842059155043323
0.000707982012254086647 0.00840454311654457303 0.0576461581175083948 0.293717776788176788
1 2 0 1
-0.644436269789135263 0.588261185492274019 -0.042556222144424137 0.0580497974037028283 0.013249060338102088 -0.00488222917436266848 0.00735103503164538045 -0.00188104178653544134 -0.000324842272536974967 -0.000865806072761736304 0.000280926949906883431 5.50359214269049613e-05
0.0473802421561584641 0.421489586295473506 -0.741280535490479786 -0.0176028032015624336 -0.0518439726235678938 -0.0301386339750067365 -0.00059262493622671609 0.00624821580574333197 -0.00404695312653298011 -0.000455892711547481314 -0.000419474266734566322 -0.000258321267057114807
-0.0324655122949452507 -0.0282220009076137313 0.0106252999014175044 0.631049463858868842 -0.597230468608074938 0.0418593724910931789 -0.0712034448787224189 0.0203783755518460348 0.00203116821439241644 0.00923022434173709563 -0.00351171902827357354 -0.000786366845516933417
0.00550888521820339441 0.0275241556892811962 0.0566479424005404894 -0.0466798401482714925 -0.410201430667704758 0.745712680183342469 0.0109769001017044395 -0.0579588612892287039 0.036813561407017005 0.00338663410420923837 0.00506951139156145304 0.00296548160219569767
0.00456690341265631339 0.00504448171131785614 0.00114391726611697063 -0.0437814166698349411 -0.0416745964075579539 -0.00203438303438847456 0.646647794487646865 0.502865324513279255 -0.0248175622458083646 0.0580914334803534771 -0.0310004484927184597 -0.00950247382859039334
-9.91201409702799233e-05 -0.00315338372041360036 -0.00795155290938555012 0.000343988474964023285 0.0277972661650789828 0.0651293176847783234 0.0244017341464611744 0.474037021514196799 0.765188923556056388 0.0313127172206344312 0.0315752808033790064 0.0192798120570296695
-0.000581619151956856944 -0.000924707215961596786 -0.000843896250524041303 0.00644834461831607104 0.00866449534200279883 0.00593739062661692487 -0.0388728881431244025 0.056541010867279265 -0.0332676215570214748 -0.686314126329514718 -0.221229738103002282 -0.0784381531577188068
-0.000137936195677366904 3.56015534583825448e-05 0.00052227952179506544 0.00174304400178728648 -0.000581187550436699412 -0.0057590182678495111 -0.0154335703470965761 -0.00558875662630788604 0.0376999089706013882 -0.117506866551486733 -0.465373004153134873 0.859071847423320323
0 3 -1 2
-0.582012956460353115 0.809882951755308444 0.0683029054564052163 0.0246456253989292412 0.00762016003466937843 0.00438501781176724083 0.000443319432671840916 -0.000580922553852645488
-0.0366336325302734148 -0.0481542857271540781 0.565121395426316342 -0.818350446682052146 -0.0735126615329931427 -0.0424664101569249414 -0.00484543403894942964 0.00696498041186026373
-0.00537505352100050952 -0.00723298933053191564 0.0486908609948845522 0.0578901386837351317 -0.686062426336117137 0.721183604013039048 0.0320392662476726015 -0.0488135888315980801
-0.000786177585483526127 -0.00111257125176097396 0.00819417058721181452 0.00977094831822026243 -0.0433660321966794146 -0.0666328280229819547 0.958331622061611821 0.274072041414844536
0 1 -1 2
1.07617076174571902 -0.0544717020344523961 0.0390318163594153833 -0.00643310750315304047 0.00518614995507298004 -0.000178207875308573557 0.000587857591281673911 -0.000189140696110586459
0.701495781235724092 0.673390593502812607 -0.0485421170380471168 0.0377344461731620937 -0.00769907262755498145 0.00419152995812651329 -0.00130408852277992928 6.56303899887855213e-05
0.0621364913198098612 0.937058713298467572 -0.0245298381364982415 -0.0889643508184660009 0.000669145633932402562 -0.0122579191930261878 0.00135322813843611906 0.000759769603929397143
0.0694469710395817785 -0.012504507391009119 1.08510152183032815 -0.0541031839121127178 0.0501408605824460452 -0.000217704631293783729 0.00640827032535611074 -0.00241389805232942404
-0.0283856022065090766 0.0670144071875570235 0.692123309725676816 0.669617732233686036 -0.0711430458577695102 0.0354356732426469451 -0.0129448927587474307 0.000920902764643679456
-0.00746425136489482083 -0.0495733528297734038 0.060831098171384379 0.92534424552865191 -0.00203196084228957075 -0.105642032553117965 0.0107806660281943301 0.00845261636059526332
-0.00942390350308721855 0.000209871047783787706 0.0860927503919285686 -0.0114654339003826856 1.06657377866545588 0.0324165197010291006 0.0420106305807893612 -0.0220574886159781609
-0.00368419512008387809 0.00752242900518497112 0.0355327355489924862 -0.0696048159504718267 -0.60608304326252127 -0.806480852800776082 0.0821703434567666591 -0.00792274508939588146
0.000428312922146067976 0.00734491667403178259 -0.00314343852840693466 -0.0650688343464073393 -0.0361445724451384121 0.897680022203297789 0.0724905349390517761 0.0569523826025630994
-0.00125390021333729017 -0.000470267688892297281 0.0130608318332678316 0.00260674482579735869 -0.0815405129929342998 -0.026400595144937769 -0.989656428439607216 0.185687361822961833
-0.000289564384662130457 0.000320430509859339989 0.00337205315392364625 -0.00410853684105828496 -0.0274291783547507342 0.0255150318387772496 0.193219918819724501 -1.19424133348560302
0.000202630592353142749 -0.000641844731496458813 -0.00250181870049492709 0.00758428773482453487 0.0261809652749282196 -0.0490733461193645498 -0.222926124451818863 -0.676675052512158204
-1 2 -2 1
0.811900351821447486 -0.0263890780929618637 -0.00328029821294704028 -0.000247219767545334493
0.580577798254361732 0.0676440916567066647 0.00839339320326973511 0.000680633059691279629
0.0480556175065241786 -0.81868330356165786 -0.0312112756549739537 -0.00295626944257482149
-0.0368920201787594423 -0.564485891751216995 0.0786289842751612955 0.00778072419138305105
-0.00744100581936595323 -0.0642672755495302395 -0.718989735709960165 -0.0290459092860947399
0.00446686020798139384 0.0394887518033372673 -0.685306498532223363 0.049064649901923385
0.00123838942718979689 0.0122191625308505115 -0.077965581883030502 -0.272618486739687027
0.000142630391608354612 0.00150590373066705752 -0.00960524611240592963 0.960394893986100895
# GS energy in absolute units:
e
-0.197360306517982365
# Irreducible matrix elements for other operators:
sHimp
6
-2 1 -2 1
-0.0799560092212946022 0 0 0
0 0.422836719382890525 0 0
0 0 0.964777646247437892 0
0 0 0 1.69234164359096573
-1 2 -1 2
-0.0619031238766297315 -0.0234616289499195371 -0.00268538048921945424 0.0226488861962680921 0.00851362406981951564 -0.00145765606391141771 -0.00103933977269728313 -0.000589774655256302934
-0.0234616289499195441 -0.0434821760325411269 -0.0407078885598791684 0.00371296773279886604 -0.000985472786222231674 -0.00866707806359939825 -0.00234658137822396336 0.000815630708129749631
-0.00268538048921947159 -0.0407078885598791754 0.43653170336544117 -0.0214154252330314987 -0.00839483325202317748 0.0286740928899238308 0.0112457983712293801 -0.0021905042938338351
0.0226488861962680886 0.00371296773279886777 -0.0214154252330314987 0.458823560197992142 -0.0504854378921889002 -0.00488288620963190506 0.00501020521460918654 0.0100755247514297246
0.0085136240698195087 -0.000985472786222241215 -0.00839483325202323299 -0.0504854378921888655 0.963771848351634208 -0.00232864559193030063 -0.0150945593408444295 -0.0258143839796753302
-0.00145765606391141164 -0.00866707806359940172 0.028674092889923803 -0.00488288620963184261 -0.00232864559193024512 0.969711135065657981 -0.042243849865772079 0.0249895334516738107
-0.001039339772697284 -0.00234658137822396379 0.0112457983712293871 0.00501020521460920562 -0.0150945593408444295 -0.0422438498657720929 1.48275779968968524 -0.0577955832683963444
-0.000589774655256320281 0.000815630708129739222 -0.00219050429383380041 0.0100755247514297142 -0.0258143839796754065 0.0249895334516736789 -0.0577955832683963444 1.67378925323875971
0 1 0 1
-0.0477762674621706532 -0.0169372557163227806 -0.0186063007920115805 -0.00252492426713432595 0.0263448085228399527 0.0014027566804932451 0.0162776353561387942 0.00159282374819678463 -0.00042506056946085293 0.000439024051448958202 0.00101305717111334868 -0.000251010664385062452
-0.0169372557163227806 -0.0505984999383474535 -0.0101241334782814774 -0.05235500728020831 0.00222733692499020586 0.0361749904794357244 -0.00137252377298582341 -0.00119663517095224079 -0.00140990723253546849 0.00443380737912482323 -9.17273911581299457e-05 0.000307305695160253159
-0.0186063007920115771 -0.0101241334782814687 -0.0332731368603859171 -0.00441034672661638674 -0.0631178695913006127 0.00318017747784607886 0.00127759934670276451 0.00230613688295475995 -0.0181749747707424282 -0.00028965470272852991 -0.00195049399132739471 0.000585338786495813489
-0.00252492426713432595 -0.052355007280208303 -0.0044103467266163902 0.448963541623868312 -0.0172398198430203271 -0.0153373718183355372 -0.00523748212984424463 -0.0363796781205439554 0.00049438106558320977 -0.0221419819102071161 0.000492740513968815291 0.00469961103798251494
0.0263448085228399631 0.00222733692499018938 -0.0631178695913006266 -0.0172398198430203271 0.447324469961811966 -0.00964752377590811019 -0.0700957343804948646 -0.000730548745990113892 0.0392844593603695683 0.00189242064427472983 -0.00422819516362459621 -0.00118856211823921659
0.00140275668049325074 0.0361749904794357244 0.00318017747784608276 -0.0153373718183354938 -0.00964752377590810152 0.469099676013458478 -0.00183934213026644595 0.0765303522430819672 0.0061233358348595137 -0.0107523028559608023 -0.00500264900796510391 -0.0182256062840939932
0.0162776353561387942 -0.00137252377298583512 0.00127759934670276993 -0.00523748212984425764 -0.0700957343804949062 -0.00183934213026645029 0.967741277982348103 0.0113699529124191377 0.00857832696998988425 0.00778552504828107853 0.046127757050133382 -0.0122514587649926853
0.00159282374819679092 -0.00119663517095225987 0.00230613688295475952 -0.0363796781205439068 -0.000730548745990109339 0.0765303522430820088 0.0113699529124191498 0.982833394120828596 0.0161912132106264151 -0.0792388574492967346 0.00824486792806411635 -0.0113070247883981529
-0.000425060569460860085 -0.00140990723253546176 -0.0181749747707424282 0.000494381065583193507 0.0392844593603696307 0.00612333583485951717 0.00857832696998986691 0.016191213210626422 0.983658729951970456 -0.00922214885275218256 -0.0595251495128800157 0.0166886046443315839
0.0004390240514489614 0.00443380737912483017 -0.000289654702728531373 -0.0221419819102071265 0.00189242064427473395 -0.0107523028559608162 0.00778552504828109847 -0.0792388574492967346 -0.00922214885275216001 1.49982686942427046 -0.0241803622436375688 -0.0918775674720373331
0.00101305717111335714 -9.17273911581229119e-05 -0.00195049399132738929 0.000492740513968785042 -0.00422819516362459881 -0.00500264900796515942 0.0461277570501334513 0.00824486792806407472 -0.0595251495128800087 -0.0241803622436375376 1.69000646776712093 -0.02735324055114342
-0.00025101066438506294 0.000307305695160260044 0.00058533878649581826 0.00469961103798249846 -0.00118856211823925063 -0.0182256062840940106 -0.0122514587649926419 -0.0113070247883982327 0.0166886046443315977 -0.0918775674720373192 -0.0273532405511433992 1.68219347741522984
0 3 0 3
-0.0299999999999999989 0 0 0
0 0.469999999999999973 0 0
0 0 0.969999999999999973 0
0 0 0 1.46999999999999997
1 2 1 2
-0.0342243017197480237 -0.00492430944202694801 -0.000728846880675334749 0.022183777156457838 -0.00854484819013035662 -0.000870550166745998402 -0.000771004313591740079 0.000655670033742856723
-0.00492430944202694454 -0.0312094231844934344 -0.0411490593014067069 0.000342368203691174183 -0.00118198887698956444 0.00866795712769208651 -0.00243037507059787501 -0.000826866933239947229
-0.000728846880675343423 -0.0411490593014067207 0.464689214180011634 -0.00340825541051062442 0.00546556827270997664 -0.0285590751256372954 0.0104190213454485973 0.00384607907103272795
0.0221837771564578207 0.000342368203691174183 -0.00340825541051059666 0.470693367662938789 0.0503640055242339235 0.00909238717910741678 0.00656240424779898184 -0.00953396568472810249
-0.00854484819013035662 -0.00118198887698957918 0.00546556827270994194 0.0503640055242339235 0.978954053709840233 0.0163864574114350736 0.00865533605406657025 -0.0292109356259220229
-0.000870550166746004907 0.00866795712769205702 -0.0285590751256372538 0.00909238717910745148 0.0163864574114351291 0.994719127513448376 0.0436256361759483138 0.0220368459778993442
-0.000771004313591737043 -0.00243037507059787588 0.0104190213454486008 0.00656240424779898704 0.00865533605406657025 0.0436256361759483555 1.48092256200066474 0.0602314167582245208
0.000655670033742864096 -0.000826866933239946362 0.00384607907103272839 -0.00953396568472813025 -0.0292109356259220576 0.0220368459778992956 0.0602314167582245208 1.71545539983733342
2 1 2 1
-0.0399560092212946083 0 0 0
0 0.462836719382890449 0 0
0 0 1.00477764624743782 0
0 0 0 1.73234164359096576
sHpot
6
-2 1 -2 1
-0.0799560092212946022 0 0 0
0 0.422836719382890525 0 0
0 0 0.964777646247437892 0
0 0 0 1.69234164359096573
-1 2 -1 2
-0.051699805462760727 -0.0375483855203148226 -0.00450709399516852939 0.0231083731547132055 0.00857301565845646277 -0.0016022696704227693 -0.00106952407515366831 -0.000585878906952077205
-0.0375483855203148295 -0.0237336924907242432 -0.0398755972260217834 0.00548109463626191874 -0.000543815263614967973 -0.00865345472540646372 -0.00236774897674597211 0.000792898825035414333
-0.00450709399516854674 -0.0398755972260217972 0.446325666050593428 -0.035151981024298451 -0.010638335782923343 0.0290001893602934505 0.0114469415855082378 -0.00207754234953567594
0.0231083731547132021 0.00548109463626192048 -0.035151981024298451 0.47903610819870851 -0.0498792294897984489 -0.00260412130479888843 0.00546604787397204743 0.00989966494025560154
0.00857301565845645583 -0.000543815263614976646 -0.0106383357829233985 -0.0498792294897984073 0.978112581666333192 -0.0169906097458425998 -0.0169899712748389636 -0.0251817646421949939
-0.00160226967042276323 -0.00865345472540646893 0.0290001893602934227 -0.00260412130479882598 -0.0169906097458425442 0.985502185530870323 -0.0434601230809668199 0.0233766110459577292
-0.00106952407515366918 -0.00236774897674597255 0.0114469415855082447 0.00546604787397206998 -0.0169899712748389775 -0.0434601230809668337 1.51034129030532727 -0.0499639648717668527
-0.000585878906952094552 0.000792898825035403924 -0.00207754234953564125 0.00989966494025559113 -0.0251817646421950703 0.0233766110459575904 -0.0499639648717668527 1.67611566620165187
0 1 0 1
-0.0226573530095558681 -0.0384193445024582012 -0.0190697249466408141 -0.00607643757684378158 0.0267010313505650562 0.00166969451983371817 0.0163125716683576831 0.00175751215146684615 -0.000426295540400146381 0.000494999568288420101 0.00101240798549937861 -0.000258452106545858126
-0.0384193445024582012 -0.0190807998681791456 -0.0302952476767254508 -0.0519105931235731219 0.00169939027429203012 0.0363878269708399621 -0.000796126065425968002 -0.00117587407740400241 -0.00161672262353715086 0.00443116744311691183 -8.21783488424593931e-05 0.000308607449949787086
-0.0190697249466408175 -0.0302952476767254508 8.57942323192778109e-06 -0.00353544716975038665 -0.0626373920647066568 0.00706269255154411916 0.00131132857728250116 0.00165435194009913794 -0.0182316339239147092 -0.000229655714434126899 -0.00193813621534468438 0.000627307242165966983
-0.00607643757684377898 -0.051910593123573108 -0.00353544716975037971 0.473326158889652127 -0.0384896077547374343 -0.0158178267435400907 -0.00965279017914392502 -0.0367488068455121344 0.000543380237082970435 -0.0222342953887741564 0.000294821703244850877 0.00474685173836073178
0.0267010313505650632 0.00169939027429201472 -0.0626373920647066429 -0.0384896077547374205 0.479148329124014394 -0.0292941810995326901 -0.0694026193935182445 -0.00049242447025884162 0.0396376025223236367 0.00103331602482217995 -0.00419420416576970698 -0.00124734123989124891
0.00166969451983371947 0.0363878269708399482 0.00706269255154413043 -0.0158178267435400664 -0.0292941810995326936 0.50288484606384487 -0.00152020985668879414 0.0757906613297879145 0.0107513159641053364 -0.010665134900841703 -0.00457480227134845607 -0.0183427333988391734
0.0163125716683576866 -0.000796126065425971472 0.00131132857728250788 -0.00965279017914393196 -0.0694026193935182306 -0.00152020985668877809 0.993285853367755989 0.0313216131634031086 0.00879400069829326322 0.0117572371245702276 0.0459366170618971878 -0.0131991359439650284
0.0017575121514668481 -0.00117587407740400111 0.00165435194009912797 -0.0367488068455121275 -0.000492424470258809961 0.0757906613297879006 0.0313216131634030878 1.0119111844479558 0.0369535742569868098 -0.0788849792983543352 0.00759102208431000364 -0.0116109160428050431
-0.00042629554040015126 -0.00161672262353714999 -0.0182316339239147022 0.000543380237082996998 0.0396376025223236783 0.0107513159641053537 0.00879400069829327016 0.0369535742569868861 1.01906076186451333 -0.00675818612295725745 -0.0586295428201569491 0.0196942151449564437
0.000494999568288422053 0.0044311674431169179 -0.000229655714434123348 -0.0222342953887741702 0.00103331602482217518 -0.0106651349008417377 0.0117572371245702155 -0.0788849792983543768 -0.0067581861229572774 1.52918412952707117 -0.0118389521696282089 -0.0947011124296090745
0.00101240798549938294 -8.21783488424536061e-05 -0.00193813621534466942 0.000294821703244855105 -0.00419420416576973126 -0.00457480227134847255 0.045936617061897278 0.00759102208430993859 -0.0586295428201569005 -0.0118389521696282557 1.7060571243576268 -0.0502441242939046795
-0.000258452106545857042 0.000308607449949796411 0.000627307242165970019 0.00474685173836072311 -0.00124734123989126908 -0.0183427333988391457 -0.0131991359439650076 -0.0116109160428051143 0.0196942151449565235 -0.0947011124296090467 -0.0502441242939046587 1.72687118581207244
0 3 0 3
0 0 0 0
0 0.5 0 0
0 0 1 0
0 0 0 1.5
1 2 1 2
0.011782979845392838 0.00991863483892673273 0.00117985058746118525 0.02210107776686554 -0.00850595928316864869 -0.00101218131754914932 -0.00074260407208482477 0.000662408241368798501
0.00991863483892672926 0.0127920210673003881 -0.0413025441904729951 -0.00151994284257761514 -0.00074186596837186921 0.00872607746648358315 -0.00240616539928560982 -0.000848295637026361452
0.0011798505874611679 -0.041302544190473009 0.510541858300371132 0.0112624666290188635 0.00316778528819149779 -0.0287997039144493906 0.0102711418716187643 0.00397512173882655015
0.022101077766865547 -0.0015199428425776082 0.011262466629018808 0.514817935411977956 0.0500580588805500798 0.0113662234830650133 0.00607574701395342115 -0.00970046325683824456
-0.00850595928316863828 -0.000741865968371864873 0.00316778528819144228 0.0500580588805500382 1.01974049914966414 0.0304559460571491858 0.00692685015580830898 -0.030070675820147514
-0.00101218131754913458 0.0087260774664836005 -0.0287997039144493629 0.0113662234830650133 0.0304559460571492413 1.04381458603960198 0.0418885987593998893 0.0234537929120968991
-0.000742604072084827697 -0.00240616539928560722 0.0102711418716187521 0.00607574701395342115 0.00692685015580830898 0.0418885987593998824 1.51284800733896607 0.0671445174827445257
0.000662408241368783431 -0.000848295637026374896 0.00397512173882659178 -0.00970046325683818905 -0.030070675820147514 0.023453792912097024 0.0671445174827445257 1.77366211284672115
2 1 2 1
0.0200439907787053652 0 0 0
0 0.522836719382890447 0 0
0 0 1.06477764624743809 0
0 0 0 1.79234164359096582
sn_d
6
-2 1 -2 1
0 0 0 0
0 0 0 0
0 0 0 0
0 0 0 0
-1 2 -1 2
0.34011061379563351 -0.46955855234650945 -0.0607237835316357874 0.0153162319481703058 0.00197971962123157054 -0.00482045355037837714 -0.00100614341521284732 0.000129858276807524604
-0.46955855234650945 0.658282784727229564 0.0277430444619125895 0.0589375634487683611 0.0147219174202421303 0.000454111273097775395 -0.000705586617400291065 -0.000757729436477841455
-0.0607237835316357874 0.0277430444619125895 0.326465422838409125 -0.457885193042230909 -0.0747834176966720859 0.0108698823456541659 0.00670477380929526863 0.00376539814327196687
0.0153162319481703058 0.0589375634487683611 -0.457885193042230909 0.673751600023878017 0.0202069467463481325 0.0759588301611005545 0.0151947553120954666 -0.0058619937058041003
0.00197971962123157054 0.0147219174202421303 -0.0747834176966720859 0.0202069467463481325 0.478024443823301948 -0.488732138463742805 -0.0631803977998178362 0.0210873112493448478
-0.00482045355037837714 0.000454111273097775395 0.0108698823456541659 0.0759588301611005545 -0.488732138463742805 0.526368348840401845 -0.0405424405064919585 -0.0537640801905363563
-0.00100614341521284732 -0.000705586617400291065 0.00670477380929526863 0.0151947553120954666 -0.0631803977998178362 -0.0405424405064919585 0.919449687188074516 0.26105394655431996
0.000129858276807524604 -0.000757729436477841455 0.00376539814327196687 -0.0058619937058041003 0.0210873112493448478 -0.0537640801905363563 0.26105394655431996 0.0775470987630717534
0 1 0 1
0.837297148420492854 -0.716069626204514309 -0.0154474718209745288 -0.118383776990315173 0.011874094257503397 0.00889792797801576205 0.00116454374062940165 0.00548961344233526299 -4.11656979765476626e-05 0.00186585056131537857 -2.16395204656884244e-05 -0.00024804807202647301
-0.716069626204514309 1.05059000233894362 -0.67237047328146593 0.0148138052211729855 -0.0175982216899390233 0.00709454971347439275 0.0192132569186619639 0.000692036451608132007 -0.00689384636672259708 -8.79978669303451837e-05 0.000318301410522401067 4.33918263177318956e-05
-0.0154474718209745288 -0.67237047328146593 1.1093905427872619 0.0291633185622001655 0.0160159175531319649 0.1294171691232682 0.00112430768599094759 -0.0217261647618543427 -0.00188863843907627164 0.00199996627648002002 0.000411925866090327058 0.00139894852233851089
-0.118383776990315173 0.0148138052211729855 0.0291633185622001655 0.812087242192791048 -0.708326263723903726 -0.0160151641734850303 -0.147176934976655766 -0.0123042908322734176 0.00163330571665843381 -0.00307711595223475942 -0.00659729369079872438 0.00157469001260725433
0.011874094257503397 -0.0175982216899390233 0.0160159175531319649 -0.708326263723903726 1.06079530540674849 -0.654888577454153298 0.0231038328992224616 0.00793747585771001699 0.0117714387318025859 -0.0286368206484180279 0.00113303326182978906 -0.00195930405506787022
0.00889792797801576205 0.00709454971347439275 0.1294171691232682 -0.0160151641734850303 -0.654888577454153298 1.12617233501288161 0.0106377424525881514 -0.024656363776469032 0.154266004308193899 0.00290559850396986249 0.0142615578872212264 -0.00390423715817197862
0.00116454374062940165 0.0192132569186619639 0.00112430768599094759 -0.147176934976655766 0.0231038328992224616 0.0106377424525881514 0.851485846180261796 0.66505534169946412 0.00718912427677950456 0.132390402542971242 -0.0063713329412062418 -0.0315892392990783505
0.00548961344233526299 0.000692036451608132007 -0.0217261647618543427 -0.0123042908322734176 0.00793747585771001699 -0.024656363776469032 0.66505534169946412 0.96925967757090481 0.692078701545348118 0.0117959383647471619 -0.021794861458470375 -0.0101297084802305683
-4.11656979765476626e-05 -0.00689384636672259708 -0.00188863843907627164 0.00163330571665843381 0.0117714387318025859 0.154266004308193899 0.00718912427677950456 0.692078701545348118 1.18006773041809532 0.0821320909931635285 0.0298535564241001819 0.100187016687496258
0.00186585056131537857 -8.79978669303451837e-05 0.00199996627648002002 -0.00307711595223475942 -0.0286368206484180279 0.00290559850396986249 0.132390402542971242 0.0117959383647471619 0.0821320909931635285 0.978575336760021397 0.411380335800309749 -0.094118165252392777
-2.16395204656884244e-05 0.000318301410522401067 0.000411925866090327058 -0.00659729369079872438 0.00113303326182978906 0.0142615578872212264 -0.0063713329412062418 -0.021794861458470375 0.0298535564241001819 0.411380335800309749 0.535021886350186771 -0.763029458092039259
-0.00024804807202647301 4.33918263177318956e-05 0.00139894852233851089 0.00157469001260725433 -0.00195930405506787022 -0.00390423715817197862 -0.0315892392990783505 -0.0101297084802305683 0.100187016687496258 -0.094118165252392777 -0.763029458092039259 1.48925694656141427
0 3 0 3
1 0 0 0
0 1 0 0
0 0 1 0
0 0 0 1
1 2 1 2
1.53357605217136217 0.494764809365122904 0.0636232489378840832 -0.00275664631974314534 0.0012962968987239626 -0.00472103836010462179 0.000946674716897050834 0.000224606920864423666
0.494764809365122904 1.46671480839312807 -0.00511616296887676836 -0.0620770348756267548 0.0146707636205904539 0.00193734462638389497 0.000806989043742033685 -0.000714290126214100823
0.0636232489378840832 -0.00511616296887676836 1.52842147067864831 0.489024067984314581 -0.0765927661506162483 -0.0080209596270699561 -0.0049293157943276775 0.00430142225979433281
-0.00275664631974314534 -0.0620770348756267548 0.489024067984314581 1.47081892496797395 -0.0101982214561298357 0.0757945434652515793 -0.0162219077948518239 -0.00554991907033711152
0.0012962968987239626 0.0146707636205904539 -0.0765927661506162483 -0.0101982214561298357 1.3595481813274648 0.468982954857134982 -0.05761619660860888 -0.0286580064741837649
-0.00472103836010462179 0.00193734462638389497 -0.0080209596270699561 0.0757945434652515793 0.468982954857134982 1.63651528420511627 -0.0579012472182809587 0.0472315644732504564
0.000946674716897050834 0.000806989043742033685 -0.0049293157943276775 -0.0162219077948518239 -0.05761619660860888 -0.0579012472182809587 1.06418151127672234 0.230436690817332118
0.000224606920864423666 -0.000714290126214100823 0.00430142225979433281 -0.00554991907033711152 -0.0286580064741837649 0.0472315644732504564 0.230436690817332118 1.94022376697957988
2 1 2 1
1.99999999999999933 0 0 0
0 1.99999999999999911 0 0
0 0 2 0
0 0 0 1.99999999999999956
sn_d_ud
6
-2 1 -2 1
0 0 0 0
0 0 0 0
0 0 0 0
0 0 0 0
-1 2 -1 2
0 0 0 0 0 0 0 0
0 0 0 0 0 0 0 0
0 0 0 0 0 0 0 0
0 0 0 0 0 0 0 0
0 0 0 0 0 0 0 0
0 0 0 0 0 0 0 0
0 0 0 0 0 0 0 0
0 0 0 0 0 0 0 0
0 1 0 1
0.195516811644537797 -0.313637935471283102 0.232307445964191672 -0.0483665116381635923 0.0505311960301635735 -0.00225499282721143817 0.00436233397285230168 0.00318511565689330893 0.00508909990086196806 0.000917252353242501242 0.000753783413352939499 -0.000440885824440266671
-0.313637935471283102 0.509491928336145983 -0.383893638016731487 0.0437221918412176586 -0.0267989110932630482 -0.0373118203239895044 0.00681311777289785644 0.00944217738466527658 -0.00282472186650317876 -8.99536517717569107e-05 -0.000252086959700755712 -0.00110263697942887431
0.232307445964191672 -0.383893638016731487 0.296008153828322629 0.0027083410624432749 -0.0376242621409976635 0.0721511282347345601 -0.0143231234598517818 -0.0139833098318914544 0.00384497449977896574 0.000904565489868711212 0.000944243348178357882 0.000606575801316933312
-0.0483665116381635923 0.0437221918412176586 0.0027083410624432749 0.193168140379043785 -0.306199018187297778 0.225277447459802799 -0.0613024529175157651 -0.0563867476952161634 -0.00960299098720882732 -0.00235857880050173484 -0.00225720271574969371 0.00691569856300650824
0.0505311960301635735 -0.0267989110932630482 -0.0376242621409976635 -0.306199018187297778 0.498682133992218057 -0.38106372628761781 0.0598402900601947701 0.0279565726225172971 -0.04217082564798557 -0.0123310472042928061 -0.00712263632951028007 0.000311467304936942455
-0.00225499282721143817 -0.0373118203239895044 0.0721511282347345601 0.225277447459802799 -0.38106372628761781 0.306425906224468469 -0.00847639512598028812 0.0394167188326965401 0.0883825894633693682 0.0211550159905207723 0.0090490150749361984 -0.000328123732610859607
0.00436233397285230168 0.00681311777289785644 -0.0143231234598517818 -0.0613024529175157651 0.0598402900601947701 -0.00847639512598028812 0.178569026011954624 0.277282211914419874 0.238371532025671157 0.0592522619169613685 0.0314895010183335738 -0.0281424359352438827
0.00318511565689330893 0.00944217738466527658 -0.0139833098318914544 -0.0563867476952161634 0.0279565726225172971 0.0394167188326965401 0.277282211914419874 0.446758964583720219 0.397907613786485759 0.0738812386589997178 0.00887226999792420194 0.0245519402969667892
0.00508909990086196806 -0.00282472186650317876 0.00384497449977896574 -0.00960299098720882732 -0.04217082564798557 0.0883825894633693682 0.238371532025671157 0.397907613786485759 0.366590706210746242 0.0536159398509485421 -0.017120024601598987 0.0644360130700222106
0.000917252353242501242 -8.99536517717569107e-05 0.000904565489868711212 -0.00235857880050173484 -0.0123310472042928061 0.0211550159905207723 0.0592522619169613685 0.0738812386589997178 0.0536159398509485421 0.0911919367680364273 0.142240059778134337 -0.224037889326208994
0.000753783413352939499 -0.000252086959700755712 0.000944243348178357882 -0.00225720271574969371 -0.00712263632951028007 0.0090490150749361984 0.0314895010183335738 0.00887226999792420194 -0.017120024601598987 0.142240059778134337 0.252164791686150358 -0.408463999519793564
-0.000440885824440266671 -0.00110263697942887431 0.000606575801316933312 0.00691569856300650824 0.000311467304936942455 -0.000328123732610859607 -0.0281424359352438827 0.0245519402969667892 0.0644360130700222106 -0.224037889326208994 -0.408463999519793564 0.665431500334656922
0 3 0 3
0 0 0 0
0 0 0 0
0 0 0 0
0 0 0 0
1 2 1 2
0.533576052171361503 0.494764809365122904 0.0636232489378840693 -0.00275664631974306684 0.0012962968987239587 -0.00472103836010459577 0.000946674716897053653 0.000224606920864425103
0.494764809365122904 0.466714808393127734 -0.00511616296887675709 -0.0620770348756266507 0.0146707636205904296 0.00193734462638390365 0.000806989043742049189 -0.000714290126214087162
0.0636232489378840693 -0.00511616296887675709 0.528421470678649086 0.489024067984314081 -0.0765927661506162205 -0.0080209596270699457 -0.00492931579432785011 0.00430142225979422699
-0.00275664631974306684 -0.0620770348756266507 0.489024067984314081 0.47081892496797495 -0.0101982214561297524 0.075794543465251607 -0.0162219077948516574 -0.00554991907033702131
0.0012962968987239587 0.0146707636205904296 -0.0765927661506162205 -0.0101982214561297524 0.359548181327465022 0.468982954857134593 -0.0576161966086086094 -0.0286580064741837059
-0.00472103836010459577 0.00193734462638390365 -0.0080209596270699457 0.075794543465251607 0.468982954857134593 0.636515284205116383 -0.0579012472182812016 0.0472315644732506715
0.000946674716897053653 0.000806989043742049189 -0.00492931579432785011 -0.0162219077948516574 -0.0576161966086086094 -0.0579012472182812016 0.0641815112767225582 0.230436690817332396
0.000224606920864425103 -0.000714290126214087162 0.00430142225979422699 -0.00554991907033702131 -0.0286580064741837059 0.0472315644732506715 0.230436690817332396 0.940223766979581432
2 1 2 1
0.999999999999999667 0 0 0
0 0.999999999999999556 0 0
0 0 1 0
0 0 0 0.999999999999999778
dA_d
6
2 1 1 2
-0.908799641780778211 0.920529002459773427 0.440716796144466516 -0.326859127205385236 0.14180520805654151 -0.0662142398713805869 0.0336913255575882822 -0.00363803198217029248
-0.316985607890267085 0.448449348510877199 -0.755663144765269301 0.768921713367795467 -0.615489124054072523 0.326245620024339045 -0.223813045822716467 0.0281170885983281597
0.0796716413681263225 -0.133092365499325932 0.411948370524053642 -0.580387639035120584 -0.801200316681453417 0.595950599210422483 -0.678928009696189938 0.106608038090771393
-0.0101813903055531941 0.0193995595342543112 -0.090540134221775842 0.153084447914717314 0.489945008173161889 -0.510873550640171148 -1.16596155605502494 0.327694043747092212
1 2 0 3
0.839880833841109564 -0.297526546911524636 0.0785432484290392585 -0.0165280129635465081
0.741652905116724548 -0.369258537759878269 0.113922753907405361 -0.0263233613963626649
0.396504693714176903 0.692409366277645488 -0.377608035725857383 0.115748324941872191
0.263960840677418429 0.62692376524253246 -0.466628670585299776 0.160553226073955557
-0.0984513158818679096 -0.434183835715411692 -0.50571148373644681 0.292181283474592213
-0.0872568348697757984 -0.436765097220822796 -0.704191750731871347 0.510401213876936266
0.010177515115327088 0.0718583960166520458 0.223978201392323412 0.202086173015708664
0.0158068683013858277 0.134977649314646092 0.564558285857842068 1.03592507906634945
1 2 0 1
-0.703860684625638222 -0.323153382776337927 0.111126571207007752 -0.319116771062109061 -0.091401438219686354 0.0420740987707235586 -0.0897009837564183704 0.02581407024963462 0.00490891422127068267 0.0165882256177558376 -0.00642788451390908545 -0.00130521205377079927
0.13878784840174882 0.542746508536093963 0.573947749046905931 0.0644310167059891914 0.262418002923695937 0.204363499080452871 0.00614283831116273042 -0.0742679212012389428 0.0537219355796871301 0.00789709306344973244 0.00882739922710021503 0.0056517117954069775
-0.244660989483016594 -0.166354001214551184 0.0407217536713271808 0.597302490084322124 0.271677204982199383 -0.0910018172700285538 0.410037939730306333 -0.148343730210746594 -0.0176059009594383732 -0.117366635677895834 0.0577227093047317161 0.0135819891714879324
0.0499747290808414818 0.204507535402614321 0.304095176016773772 -0.115866563448522641 -0.443319741519112687 -0.476031101974560666 -0.0463559915736471984 0.332906199150612203 -0.26256306998294221 -0.0378620195224919978 -0.0755434984390284114 -0.0466653862926988752
0.0644512188680449599 0.0629103666209564205 0.0119072339157598704 -0.329374998449531387 -0.255121522932439726 -0.0089566917974396084 0.528935507247004333 -0.35342445845853343 0.0518990542587427842 -0.356613020558100513 0.305680530433605213 0.101630636452721815
-0.00154586881795455884 -0.0440034584757065458 -0.0945631296314657366 0.00309809961882801053 0.21139786841276817 0.383344245861268196 0.0561533101842254107 0.369945578127532648 -0.465224647628666887 -0.145779067598585332 -0.264515074803492345 -0.177604480201590254
-0.0120549940471318846 -0.0176480956497798366 -0.0143657398119004329 0.0911609334062076226 0.110348316008234804 0.0654098267465130223 -0.288899520355601236 0.334220472672389468 -0.150459950428346118 -0.32607772342412128 0.718240561590310023 0.320124881467261091
-0.00336898161580404193 0.00081109790113236273 0.010821998790735218 0.0310866631541650111 -0.00955081794101925348 -0.0847392681011263776 -0.171767831838340934 -0.0537007279300555015 0.309904785773245539 -0.490321602547121316 -0.209887515170746941 -0.329581060133890047
0 3 -1 2
-0.759713030837705028 -0.510118582658613096 -0.350803208160632207 -0.166986693799023894 -0.0898797626292664881 -0.0579665966944170677 -0.00824266672523719067 0.0126986622391930953
-0.277385853324592757 -0.271431437653937679 0.638913938915844359 0.416491127948855899 0.406409311944729013 0.295254847058218695 0.0597272118242590105 -0.108604275460843169
-0.0743824694070202297 -0.0860962562046456159 0.360173548961054357 0.33331004943249487 -0.50641331042814397 -0.494802066716384992 -0.194155484681296953 0.455251831463791667
-0.0158061253966829997 -0.0202152472109143472 0.11196284916720807 0.117487851956665224 -0.303766710869088685 -0.371842728702722669 0.198037065200059481 -0.838595567907887363
0 1 -1 2
-0.852575398147023322 0.148567069468631685 -0.282338316253966659 0.0570813545687328394 -0.0720488325379266409 0.00272957242000348294 -0.0121631349197921894 0.00453124852138858236
0.595792607733602209 -0.731214231702103645 0.271447266670856169 -0.272877132277331014 0.0943213315514402073 -0.0573201820686129737 0.024841669201151044 -0.00146457350290939842
0.180896061102595485 0.914646599165792384 0.0865913818777251931 0.459906635904449468 -0.00681795644031778919 0.142354758878625171 -0.0229874417182388859 -0.0153880132789374069
0.402603142389101221 -0.0482935015734284323 -0.698846542034872398 0.123547648519502007 -0.366180820016462572 0.00189997015789036827 -0.0903637233658324546 0.0419234246349987905
-0.204339203896226784 0.35273066963726718 0.524200082575733139 -0.590695531094640902 0.419859552455227825 -0.259597011984110004 0.164396154080144352 -0.0147032286298065112
-0.0665645950763922301 -0.346150843674373321 0.150646606914947023 0.774471989521893334 0.0084987385636031143 0.592310848517178523 -0.118378162809000154 -0.120424503866052884
-0.117822146143191975 0.00221776846675814793 0.521822428241936032 -0.0506961093798514451 -0.637638890870774633 -0.0655488089278919439 -0.310706679729751523 0.235183938880769994
-0.0516644432420825458 0.0909317072572862206 0.269407509635241182 -0.413622050433839761 -0.559383223924747153 0.404283788290605461 -0.482760582709848562 0.0724260156042710601
0.00660101581084379663 0.0989836184152180221 -0.0281977563695806344 -0.477008950910845719 -0.0835427483608559562 0.79633901609343094 -0.325244577058289575 -0.441559161741982509
-0.02439997809196362 -0.00824100832139412938 0.170025307741882403 0.0296606790260002667 -0.518512022968529829 -0.130279224268272487 0.434575820729478424 -0.688069883265075677
-0.00671238128233284798 0.00680779488295944757 0.056446992012305984 -0.0620394514513345902 -0.276503849979442939 0.220868438935709982 0.63425962362687538 -0.0193083204412407283
0.00486629931539483626 -0.0141722097232001472 -0.0439677318588580363 0.120854030444466756 0.285773182725649388 -0.465758153836573929 -0.917839450473647234 -0.575731994393482438
-1 2 -2 1
-0.55145413853962677 0.184216517835718796 0.0451795757157351929 0.0056592736088708186
0.729189906805891574 -0.341305000229104261 -0.0993594932809515052 -0.0142636760061420134
0.276901186982841274 0.441658481060835273 0.228831597497338168 0.0486316931615034809
-0.273060575359222013 -0.620959251850531024 -0.447570203547612622 -0.115239067359753186
-0.0924254955978180137 -0.39328552710073339 0.483658753569348954 0.284398797212016607
0.0618452176106110488 0.297894139040078054 -0.51504190648325654 -0.410529456179165253
0.0238008169822902793 0.157842225747776399 -0.477568460671029371 0.816025370587423193
0.00320712723269477853 0.0243715591010266359 -0.090210420409192249 0.26230691995173705
dself_d
6
2 1 1 2
-0.00876743810540352858 0.0341565898098445606 -0.176084716803067115 0.171656546350996059 -0.132169793246765505 0.0695986129534083287 -0.0492595985672090314 0.00639497376390427315
-0.18763704977936177 0.198013049198213054 0.0144779275110961739 0.0510983794235733702 0.259838045257193728 -0.17724234259367258 0.214220360535593402 -0.0352484792450111356
0.0907685028593149812 -0.132007001800023671 0.25551288956654794 -0.287300527726121246 -0.0179983458148378038 0.0825360652041908782 0.276669662737932587 -0.0754896762451984088
-0.0190300467300163791 0.0334104868360270493 -0.12255708415040549 0.188387101079622088 0.404573124451549637 -0.360696695408601609 -0.329836725964493371 0.112992095937612613
1 2 0 3
0.0244827740018060264 0.160438897509306788 -0.0820243623589626131 0.0255553780777654296
0.000313582959696800945 0.143626947975106112 -0.102168490906574441 0.036831663441522125
0.178132342626946799 0.0417381942936855821 0.198178535666278438 -0.119232428150506525
0.151780837116248346 -0.0164979742470347523 0.186275220193305835 -0.145589590537016478
-0.0966818987312691447 -0.206145454537495554 -0.0721623165802904032 -0.145965468413054356
-0.0960787029311421376 -0.26030338157529076 -0.0171468329494287725 -0.192899056720002265
0.0153894307148631209 0.0725719446417218694 0.112727147616729986 0.0977969422214505502
0.0285762166930678026 0.176340335513795188 0.453488246996931299 0.299161234894590233
1 2 0 1
-0.0310357949914828631 -0.042467008807581981 -0.0164240035588216621 0.125765969036643305 0.0465116138601462184 -0.0272784387148217559 0.0840569714858134809 -0.0273408571688915428 -0.00574567854806012652 -0.0247915231833694578 0.011519740481123612 0.00242621933805678381
0.0328206118356740364 0.0384155406962726764 0.0409070462878876467 -0.0154794742030720002 -0.0939721602295651437 -0.102030776891425409 -0.00484883491169665806 0.0677081118034552482 -0.0549658249270868204 -0.0106414152766443875 -0.0145234858152081536 -0.00967581038978982018
-0.151861171042948717 -0.0809770143183973917 0.0128262404019679928 0.0126778314731544432 0.0459417867123529944 0.00971515588688100923 -0.1704203570550685 0.0800843639339451074 0.0114859285149177832 0.114816583062472 -0.0736912329773499741 -0.0182470294630154677
0.0372320889338610753 0.125178769408520102 0.134852179065857447 -0.0226985393743539578 -0.0187978534444134086 -0.0495342472861737479 0.0133531691874285204 -0.137956551707763192 0.138602638158082769 0.0323676789818567526 0.0871481919092836066 0.0569549193099802009
0.0741430575336069764 0.0640838983391651407 0.0101552835434869041 -0.204099307659905721 -0.128941351873198912 -0.00325269834013598583 -0.00120641406306081227 -0.0309065890640241939 -0.00512251323010676999 0.159338208379497415 -0.22885198636636539 -0.0829195629186011002
-0.00196210576196560781 -0.0500618193478226461 -0.0919312358112439471 0.0022918132864721422 0.132398196370814847 0.186332329139609149 0.0100478939639772474 -0.00368850502803975185 -0.0524417876525807361 0.0472796287123615905 0.166349859925195853 0.123674007340027495
-0.0202511211385793394 -0.0273296123928296192 -0.0198758730735122298 0.105047841497934488 0.114750771729571738 0.0589836070003642507 -0.17687702646499065 0.163146642728948688 -0.0561544639053443012 0.0326164483817379114 -0.146854090113389318 -0.0883819134011282759
-0.00665543212187758807 0.00149590030791550352 0.0181747053205564141 0.0450299402843851865 -0.0127630518832780281 -0.101568457925604261 -0.156452335213105892 -0.042335515203143978 0.209551187523979776 -0.168578574462004444 0.0232818967054401298 -0.0683427514420107268
0 3 -1 2
-0.055477170664918557 -0.0542862875307875414 0.127782787783168872 0.0832982255897711799 0.0812818623889458025 0.0590509694116437417 0.0119454423648518021 -0.0217208550921686346
-0.172981145575182987 -0.126375415170554339 0.0317118219176281829 0.0608769797167314289 -0.161211266880600834 -0.151544478026993168 -0.0565639972741298139 0.131304395318095568
-0.0839319696079866007 -0.0837751711282989225 0.219497220184355524 0.15850046612288296 0.00972203679072140836 -0.0452994178944077786 0.0854954583425862474 -0.321215953981393076
-0.0257668432410793381 -0.029824618017582679 0.124767777268588551 0.115461988058075032 -0.175426716658139054 -0.17140446384857283 -0.0672574328072334388 0.157703860466814144
0 1 -1 2
-0.0575512450523228691 -0.0235274095416025432 0.151368029431310586 -0.0381860343114764356 0.0772883409584366882 -0.00323971238793877708 0.019667983034470541 -0.00851042608939115916
0.00227683270958686443 -0.0123129372579409285 -0.109096908773445481 0.146250629167172658 -0.08875406103631793 0.0604895204962642985 -0.0369074428912472829 0.00255852501515018219
0.0424886725235012544 0.0239057119730839499 -0.0198341014120938103 -0.168802755463492049 0.00528485396735797752 -0.126658148033877066 0.0303590238004966331 0.0243447305799729743
0.19276335293271224 -0.0153327321283554946 -0.07163248920918458 -0.0144873161847839695 0.198386913677602528 -0.00124864918804322433 0.09844652962615838 -0.0566441456270734209
-0.121232154235240197 0.153370164081738841 -0.0078199583235366299 -0.0295728432511804737 -0.179431923234116747 0.141124268018903709 -0.160616050030976065 0.0182160264261507984
-0.0487645066636847452 -0.199280438156525019 0.029432644864001864 0.00112113807888071515 -0.00241909001757273368 -0.238775309267347746 0.0993025483345349042 0.132605022178149706
-0.120316630055034263 0.00191969447310989805 0.261144560577330487 -0.0184914810717571043 -0.0738136761011347897 0.00602262950349785608 0.170677312011415117 -0.191262539483954414
-0.059063045510004096 0.0898303856907677889 0.168225809360441153 -0.202968793287895161 -0.00961638714481335977 0.06030605429177089 0.205263027688889738 -0.0500217862065446134
0.00828094733559479185 0.108817335568365564 -0.0207771223751492817 -0.288128733953314509 -0.01502923524719579 0.00863131359270910906 0.100892504833571206 0.255362076005863248
-0.0385159639269481019 -0.0117324447078891569 0.180660958724238707 0.0276098087275765264 -0.272127219173022128 -0.053097107469002397 0.07677440140051707 0.167975856240350579
-0.0125933083863884777 0.0117190210277360995 0.0768167048226639226 -0.0762795104547491915 -0.228503944151193655 0.157139917364215703 0.169731213040644674 0.0946825146817175112
0.00945447448334668997 -0.0253420387789789689 -0.0627721513741232029 0.156675779729224723 0.255368469967936551 -0.362765268373674732 -0.311265761335708102 -0.00236524798254758584
-1 2 -2 1
-0.0514387020590868008 -0.0949740134268329816 -0.0480319427873752355 -0.0101471093556953877
0.0486259636013597479 0.121766404208559068 0.0901966996410731026 0.0233678692338844911
0.131777773442812329 0.0595605676329540729 -0.124507744356649824 -0.0621366403172466247
-0.166507877651535158 -0.0280914119308053288 0.183572223424145198 0.132103954005487023
-0.0937783244352110301 -0.198699461228528523 0.045917394225742314 -0.21133338964270823
0.0698192808805697812 0.185090323042927274 0.00834380658881646309 0.257838380360353558
0.0371130042837738081 0.166444382522186241 -0.241510363632232883 -0.148658564205787547
0.00583870780462212961 0.032081915862685377 -0.0695396574330198192 -0.0630429879565670842
snph
6
-2 1 -2 1
0.159422677135834162 0.39840789046348718 -0.0040876447766851759 0.00219094108642542418
0.39840789046348718 1.13573457915308129 -0.528004064653263105 0.031205337837283853
-0.0040876447766851759 -0.528004064653263105 1.96502959113525799 -0.468907841357902533
0.00219094108642541724 0.0312053378372837975 -0.468907841357902533 2.73981315257582514
-1 2 -1 2
0.0901595755936101945 0.0909023652895469131 -0.257361188344342739 -0.141350899944448494 -0.0128209639254030696 0.00330191350585724679 0.0004982729093712065 0.00178780976582934613
0.0909023652895469131 0.0921533056187648636 -0.2701753151970126 -0.139030387272081418 0.00891973141675208442 0.0194451557836048256 0.00178138547921783026 0.00140087678572686954
-0.257361188344342739 -0.2701753151970126 1.02957325561654867 0.08907402730758196 -0.31658410783516866 -0.248091087545682099 -0.0112404307433754264 -0.0172042097508396871
-0.141350899944448494 -0.139030387272081418 0.08907402730758196 1.11375262802913877 -0.295930673779593256 -0.221636943062721053 0.00101495811855990825 -0.0406446865185277617
-0.0128209639254030696 0.00891973141675208442 -0.31658410783516866 -0.295930673779593256 1.90730931000116 -0.0177599710312541514 -0.127834457905209142 0.289793362493658946
0.00330191350585724679 0.0194451557836048394 -0.248091087545682099 -0.221636943062721109 -0.0177599710312541514 2.04696941852935277 -0.156294992454471704 0.327402476679988896
0.0004982729093712065 0.00178138547921783026 -0.0112404307433754264 0.00101495811855990825 -0.12783445790520917 -0.156294992454471704 2.95389108279924084 0.103309134521110568
0.00178780976582934613 0.00140087678572686954 -0.0172042097508396316 -0.0406446865185277062 0.289793362493658835 0.327402476679988785 0.103309134521110679 2.76619142381218275
0 1 0 1
0.0561861115699396133 0.021284998372420337 0.0911884621502176834 -0.0659756807110917359 -0.215323216645756016 -0.0019986014462849166 -0.0269059586070977998 -0.00246430743200038794 0.00111491263097691982 -0.000224162807801768971 -0.00162347385620441515 0.000233614944209154023
0.021284998372420337 0.191323789306763442 -0.0111141779172358873 -0.369542341043159805 0.0202704965560560717 -0.211144378128414884 0.00531613916642969218 -0.00281142605186468887 0.00153243965718273187 -0.00334879182472802312 -0.000619707072351866842 -0.00214326128527864536
0.0911884621502176834 -0.0111141779172358873 0.162178334743998509 -0.0244313043767504096 -0.400105062495201169 0.0502104569922231583 0.0122899678483447319 -0.00609445043808943838 0.0395015080001295191 0.000509802646705263189 -0.00160638840678784824 0.000556108319410398449
-0.0659756807110917359 -0.369542341043159805 -0.0244313043767504096 0.955936968077320204 0.0290995280684917292 0.0835255074717733692 -0.0892013564169242129 0.305485561111854265 -0.0010805484455673523 0.0284050404239243257 0.00594597499519061278 0.0058712432387935309
-0.215323216645756016 0.0202704965560560717 -0.400105062495201169 0.0290995280684917222 1.12950241553712072 -0.00306295319044854082 -0.45407367219048056 -0.00541544227945634036 -0.311014709274737566 -0.00760011141200584404 0.0354725506830383605 -0.00570530517365814942
-0.00199860144628491703 -0.211144378128414884 0.0502104569922231583 0.0835255074717733692 -0.00306295319044853779 1.21532258698206652 -0.00943437349463723679 0.471965743404800575 0.0859856375796758665 -0.00145114458618819274 0.0162730239103234912 0.060850640387906621
-0.0269059586070977998 0.00531613916642969305 0.0122899678483447301 -0.0892013564169242129 -0.45407367219048056 -0.00943437349463724373 1.83675230268795664 -0.0089049480004064277 -0.0301399588619451833 0.0405008248906026935 -0.268903980319405822 0.0358169070814299967
-0.00246430743200038794 -0.00281142605186468801 -0.00609445043808943925 0.305485561111854265 -0.00541544227945636031 0.471965743404800631 -0.00890494800040638433 1.95434655201338026 -0.0189287720406667234 -0.338158675317457746 0.115725895662670497 0.349899999099138936
0.00111491263097691896 0.00153243965718273035 0.0395015080001295121 -0.00108054844556736205 -0.311014709274737566 0.0859856375796758665 -0.0301399588619452145 -0.0189287720406667755 2.09791649613546438 -0.0368163028202057249 -0.370708871302508181 0.155880413092529507
-0.000224162807801768374 -0.00334879182472802486 0.00050980264670526449 0.0284050404239243291 -0.00760011141200584404 -0.00145114458618819794 0.0405008248906026727 -0.338158675317457802 -0.0368163028202057457 2.86659558887920118 0.044514592958866922 0.147680395032004946
-0.0016234738562044158 -0.000619707072351872155 -0.00160638840678784629 0.00594597499519063794 0.0354725506830383605 0.0162730239103234947 -0.268903980319405822 0.115725895662670664 -0.370708871302508292 0.0445145929588667347 2.72537698239503934 0.0304275213185547753
0.000233614944209150987 -0.00214326128527864363 0.000556108319410390968 0.00587124323879351616 -0.00570530517365810952 0.060850640387906621 0.0358169070814300036 0.349899999099138881 0.155880413092529563 0.147680395032004974 0.0304275213185547407 2.80856187167175531
0 3 0 3
0 0 0 0
0 1 0 0
0 0 2 0
0 0 0 3
1 2 1 2
0.0689487037081282783 0.0879744122518955896 -0.203944273112216551 -0.155029002976431407 0.0138185775375719369 -0.000149663018185199406 0.000420425135350550525 -0.00161996334734237002
0.0879744122518955896 0.112799716952452292 -0.27249285858855915 -0.194658699166699561 -0.00153430525057820025 -0.0198632238115449555 0.00200947096136507497 -0.00151813840521014521
-0.203944273112216551 -0.27249285858855915 1.00655642966579961 0.073768011652735388 0.233959647952819372 0.25464741476296443 -0.0129305578207373206 0.0121943639269781676
-0.155029002976431407 -0.194658699166699561 0.073768011652735388 1.13706921959087426 0.292809372175193983 0.304760118004162306 -0.00472741183523663761 0.0412448963630156554
0.0138185775375719369 -0.00153430525057820025 0.233959647952819372 0.292809372175193983 1.9156564401630356 -0.0388060435558275074 0.0957972362781505937 0.234928501785829302
-0.000149663018185199406 -0.0198632238115449555 0.25464741476296443 0.304760118004162306 -0.0388060435558275074 2.04003757089871574 0.167117964030168764 0.375125184703926418
0.000420425135350550525 0.00200947096136507497 -0.0129305578207373241 -0.00472741183523664454 0.0957972362781505937 0.167117964030168764 2.95851819699935392 -0.0990312310742759161
-0.00161996334734237002 -0.00151813840521013827 0.0121943639269781676 0.0412448963630156554 0.234928501785829302 0.375125184703926418 -0.0990312310742759161 2.76041372202163204
2 1 2 1
0.159422677135834162 -0.39840789046348718 -0.00408764477668518283 -0.00219094108642541724
-0.39840789046348718 1.13573457915308107 0.528004064653262883 0.0312053378372837975
-0.00408764477668518283 0.528004064653262883 1.96502959113525844 0.468907841357902644
-0.0021909410864254103 0.0312053378372837975 0.468907841357902644 2.73981315257582514
sdispl
6
-2 1 -2 1
0.798336738946058277 0.996019726158717922 -0.0102191119417130438 0.00547735271606356044
0.996019726158717922 0.725152850968250551 -1.32001016163315654 0.0780133445932101877
-0.0102191119417130161 -1.32001016163315654 0.0886857466009560724 -1.17226960339475728
0.00547735271606352575 0.0780133445932102432 -1.17226960339475772 -1.61217533651526534
-1 2 -1 2
0.527112041443314916 0.414116280278563509 -0.959238568259826896 0.00952030302248751958 0.00502879782505483153 0.00341968705410572449 -0.00119144981766412458 0.00335736648399154441
0.414116280278563509 0.272066072314860796 -0.0309601714590844179 -1.03474171901469103 0.0144532747644227702 0.00804267636543533337 -0.00185332607787355372 0.00511998973515361173
-0.959238568259826785 -0.0309601714590844734 0.498713487029628755 0.348037597445367664 -1.3057424980206207 -0.187587684294731494 0.0211316557246264414 -0.0485866266050343498
0.00952030302248746407 -1.03474171901469125 0.348037597445367664 0.216827854837247369 0.273539649292423026 -1.37830142726040705 0.0338813527021115252 -0.0667449890820693004
0.00502879782505488704 0.0144532747644227546 -1.3057424980206207 0.273539649292423137 0.122302958118240046 0.0311433883885629398 -1.37452265254424377 0.526793166254403422
0.00341968705410576786 0.00804267636543536113 -0.187587684294731383 -1.37830142726040705 0.0311433883885630369 -0.0635491267174010388 1.01303686174867891 1.05969789727831731
-0.00119144981766409596 -0.00185332607787353637 0.0211316557246264275 0.0338813527021115252 -1.37452265254424399 1.01303686174867891 -0.0610595231682285883 0.442933243499470386
0.00335736648399154528 0.00511998973515361173 -0.0485866266050344608 -0.0667449890820694114 0.526793166254403422 1.05969789727831731 0.442933243499470386 -1.5124137638576618
0 1 0 1
0.129991174634453144 0.614129153777884795 0.0186950696969120193 -0.925256916157013443 0.0129928507694340566 0.000975094206274280994 0.00133891292410398544 -0.00277404998378279373 0.000185602001680646849 0.00126617758884129002 -0.00103610531716812971 -0.00176995817481657796
0.614129153777884906 -0.040641772041000078 0.600586593362100851 -0.0267663186425209573 -0.98171524350010464 0.00924453803213066971 0.0141545080765178178 -0.000950541481140463902 0.00617111372583789477 0.000389997375285278873 -0.00545155337090688034 0.00126196501224034923
0.0186950696969120263 0.60058659336210074 -0.0872940038882570601 -0.0194612285812834351 -0.0242830359718939001 -1.07749187286890558 0.00372921451842787334 -0.0295128467772990122 -0.00301873847664058158 0.004921769008275261 -0.00189852536963801949 -0.00724396500112266944
-0.925256916157013332 -0.0267663186425209712 -0.0194612285812834421 0.140123954643847332 0.552527719460377598 0.00815860602492469826 -1.29267789894847795 0.0368161424453484834 -0.0800687512849929117 -0.00729572703193833924 0.0338238948997889866 -0.00209911513983091066
0.012992850769434048 -0.981715243500104751 -0.0242830359718939036 0.552527719460377709 -0.0533465461635555527 0.478262563345126568 0.0388758307744920747 1.30803873377657687 0.046745313520576065 -0.0589728646816068403 0.0222670004487930291 0.0614770596453859397
0.00097509420627428674 0.00924453803213067492 -1.0774918728689058 0.00815860602492476245 0.478262563345126623 -0.0875537806519843254 0.178912849019197406 0.072997881671916981 -1.39401726443311946 -0.000157562467483078242 0.103615411861549822 -0.0336964962226950632
0.00133891292410402815 0.0141545080765178698 0.00372921451842786076 -1.29267789894847773 0.0388758307744920192 0.17891284901919749 0.0364069365277702589 -0.158162721055382566 -0.0347195352185548159 1.46301723810992224 -0.165710952979569365 -0.254225194515614095
-0.00277404998378281671 -0.000950541481140455987 -0.0295128467772990434 0.0368161424453485389 1.30803873377657642 0.0729978816719170087 -0.158162721055382538 -0.0593801109373181327 0.0926090717147743797 0.232256171551549595 1.09807586142400559 -0.199081999176386554
0.000185602001680675716 0.00617111372583792166 -0.00301873847664054949 -0.0800687512849929395 0.0467453135205760026 -1.39401726443311902 -0.0347195352185548159 0.0926090717147744213 0.0232344815998389229 -0.776911308486418761 -0.212508355438781327 -1.15772892928793825
0.00126617758884129089 0.000389997375285285107 0.00492176900827525406 -0.00729572703193826378 -0.0589728646816067986 -0.000157562467483048291 1.46301723810992201 0.232256171551549567 -0.77691130848641865 -0.033146682699888845 0.68752047280046602 -0.169472262426739267
-0.00103610531716812732 -0.00545155337090690809 -0.00189852536963804595 0.0338238948997889727 0.022267000448793102 0.103615411861549822 -0.165710952979569448 1.09807586142400559 -0.212508355438781327 0.687520472800465909 -0.778187130687332695 -1.27653239196835222
-0.00176995817481655671 0.00126196501224032712 -0.00724396500112268332 -0.00209911513983091847 0.0614770596453858981 -0.0336964962226951048 -0.254225194515614039 -0.19908199917638647 -1.15772892928793825 -0.169472262426739267 -1.27653239196835222 0.809793479663427185
0 3 0 3
0 1 0 0
1 0 1.41421356237309515 0
0 1.41421356237309515 0 1.73205080756887719
0 0 1.73205080756887719 0
1 2 1 2
-0.426278067950373207 -0.43200826410062998 0.958363349996663727 0.00556138149692625428 0.00341842320990712323 0.00326388799575871164 0.000894059092560926805 0.00285371885486708846
-0.432008264100630035 -0.371893618756734712 -0.00523767419421872216 1.03610202862333378 0.0128815758208300699 0.00979107565250611489 0.00169745787937526302 0.0053506121791745782
0.958363349996663727 -0.00523767419421866665 -0.394155470458975254 -0.374034737505414161 -1.31567013458214044 -0.202449785247653002 -0.0156951100814433225 -0.0402948501974496331
0.00556138149692614325 1.03610202862333378 -0.374034737505414161 -0.321663484715170034 0.30670658659642358 -1.36045516292883795 -0.0334249588169488604 -0.071821979703834582
0.00341842320990715098 0.0128815758208300525 -1.31567013458214044 0.306706586596423414 -0.105516086581202928 -0.0604283782763416627 -1.51012196112750918 -0.39156422836194521
0.00326388799575873072 0.0097910756525061704 -0.202449785247653113 -1.36045516292883795 -0.0604283782763416627 0.0465411574402824768 0.807989213314815879 -1.10713372552790101
0.000894059092560940682 0.0016974578793752873 -0.0156951100814433503 -0.0334249588169488604 -1.51012196112750918 0.807989213314816102 0.035777609803443966 0.402331015819116511
0.00285371885486707545 0.00535061217917459121 -0.0402948501974496123 -0.0718219797038345265 -0.391564228361945155 -1.10713372552790101 0.402331015819116455 1.53718796121872869
2 1 2 1
-0.798336738946058277 0.996019726158717922 0.0102191119417130577 0.00547735271606350493
0.996019726158717922 -0.725152850968250107 -1.32001016163315654 -0.0780133445932099656
0.0102191119417130299 -1.32001016163315654 -0.0886857466009562945 -1.17226960339475728
0.00547735271606352575 -0.0780133445932100211 -1.17226960339475772 1.61217533651526557
sdispl^2
6
-2 1 -2 1
1.62953127528996866 1.53134232236293277 -1.33024167588731701 0.0852247033685802347
1.53134232236293255 3.26641486091408062 -1.17590632832418174 1.48366374918017319
-1.33024167588731657 -1.17590632832418174 3.12461244175714148 1.68290615605831251
0.0852247033685801514 1.48366374918017296 1.68290615605831317 3.97944142203880613
-1 2 -1 2
1.36961833936258426 0.35091938743793627 -1.0009152054960051 -0.758874184433233734 1.26788667091409879 0.174242763203452888 -0.0232313473849263402 0.0505282245217229878
0.350919387437936325 1.3174644294898159 -0.801897685972827179 -0.520247949270310039 -0.229339353828279746 1.43908519609810259 -0.0460481638105086355 0.0809236415777715712
-1.00091520549600532 -0.801897685972827179 3.03390229202944761 0.177277739660258282 -0.781439933199159609 -0.63560673589242489 1.60545937219941792 -0.854639106618305222
-0.758874184433233845 -0.520247949270310261 0.17727773966025806 3.21906715285957201 -0.501245756533042153 -0.312728906832774989 -1.78728154791655514 -1.23717913816293379
1.26788667091409879 -0.229339353828279746 -0.78143993319915972 -0.501245756533042153 3.96277308340552903 -0.964316147981859828 0.16234573177259698 -1.26284495994154189
0.174242763203452999 1.43908519609810304 -0.635606735892424779 -0.312728906832774989 -0.964316147981860272 4.08919206149436576 0.2496532430902208 -1.10376910814512108
-0.0232313473849262986 -0.0460481638105086216 1.60545937219941814 -1.78728154791655536 0.162345731772596924 0.249653243090220911 3.11707367649017542 -0.350821350070439797
0.0505282245217229115 0.0809236415777716267 -0.854639106618305444 -1.23717913816293423 -1.26284495994154189 -1.10376910814512108 -0.350821350070439797 3.89090896486850824
0 1 0 1
1.25068728647106031 0.078146179748386585 0.386383760674015309 -0.261429172894281414 -1.11689622566975255 -0.0160294754555781807 1.20863034656808477 -0.0190152926764315666 0.07807630343584189 0.0071961678883218378 -0.0337947976128365746 0.00278937057703934578
0.0781461797483865572 1.70434814425884906 -0.0508909699196514187 -1.1439438493227847 0.0748257574736861525 -1.1241965262829956 0.00218045291192790237 -1.31157982385329297 -0.0596259122182941706 0.0735243406537841176 -0.0251635051444590932 -0.0687359412000881492
0.386383760674015364 -0.0508909699196513909 1.53160547741005848 -0.0623596858141836768 -1.15140177055052684 0.184962605278453762 -0.146098314717227756 -0.107797091980322571 1.50847211657360947 0.00227794597755152668 -0.13424692741036906 0.0403584943113884514
-0.261429172894281248 -1.1439438493227847 -0.0623596858141836699 2.86216797590756977 0.0617911685400807167 0.171106478926702582 -0.225736313296698021 0.962365386188955063 0.0502979421411933816 -1.83148625978895363 0.262024949046166133 0.405502636068457767
-1.11689622566975211 0.0748257574736862635 -1.15140177055052684 0.0617911685400806265 3.22380594413947241 -0.00825695314378174609 -0.957403613670461229 -0.093887559922541497 -0.628639139955044057 0.329757853942721613 1.35604009317147556 -0.314696306417861005
-0.0160294754555781738 -1.1241965262829956 0.184962605278453707 0.171106478926702471 -0.00825695314378153272 3.39003671931606387 0.0230293972708158559 0.610002189379544979 0.132338568515714183 1.40513956148083841 0.312871616622677984 1.43449902663187179
1.20863034656808477 0.00218045291192794661 -0.146098314717227895 -0.225736313296698021 -0.957403613670461007 0.0230293972708158004 3.96480970397550925 0.225054110395303986 -0.967824729772294723 -0.0687002289589756787 1.26260037091963961 -0.180784552748649768
-0.0190152926764315493 -1.31157982385329275 -0.107797091980322737 0.962365386188955174 -0.093887559922541497 0.610002189379544979 0.225054110395303819 3.05499410827265727 -0.224646567236637312 0.386286738895188109 -0.461368626158909501 -1.57939660984932972
0.0780763034358419178 -0.059625912218294129 1.50847211657360991 0.0502979421411934233 -0.628639139955043946 0.1323385685157141 -0.967824729772294501 -0.224646567236637368 3.95133647620123085 0.0265486306622045171 1.0654778531640634 -0.521047409470472789
0.00719616788832184821 0.0735243406537841315 0.00227794597755152147 -1.83148625978895407 0.329757853942721557 1.40513956148083863 -0.0687002289589756787 0.386286738895187942 0.0265486306622045171 3.30401453065188733 -0.165363741764880112 -0.531625667511237188
-0.0337947976128366787 -0.0251635051444590793 -0.134246927410369116 0.262024949046166022 1.35604009317147511 0.312871616622678039 1.26260037091964006 -0.461368626158909834 1.0654778531640634 -0.16536374176488014 3.998595503239744 -0.0894992057529532259
0.0027893705770392907 -0.0687359412000880798 0.0403584943113883959 0.405502636068457434 -0.314696306417860838 1.43449902663187157 -0.180784552748649768 -1.57939660984932972 -0.521047409470472678 -0.531625667511237299 -0.0894992057529531843 3.76359813015591227
0 3 0 3
1 0 1.41421356237309515 0
0 3 0 2.44948974278317788
1.41421356237309515 0 5 0
0 2.44948974278317788 0 3
1 2 1 2
1.28686665268278011 0.345652106915125656 -0.791378178929491249 -0.813852175166117853 -1.26923195397305011 -0.209699336962012706 -0.0176868636027541631 -0.04275020624270158
0.345652106915125823 1.39876416144357796 -0.816719071630103821 -0.72884989683861523 0.311793656108716233 -1.41843629357127621 -0.0448951952418945727 -0.0844026940090043393
-0.791378178929491249 -0.816719071630103821 2.98759209361238387 0.142962038174674788 0.597605913656775622 0.693742761493480131 1.82600807150853162 0.716506183555634557
-0.813852175166117853 -0.72884989683861523 0.142962038174675232 3.26809053018324569 0.535261964886407204 0.494153296083540916 -1.57410370720833059 1.30599251758630874
-1.26923195397305011 0.311793656108716344 0.5976059136567754 0.535261964886407204 4.27381056974668994 -0.933850674326692554 -0.0906274514910155315 -1.07019296364250849
-0.209699336962013039 -1.41843629357127621 0.693742761493480131 0.494153296083540972 -0.93385067432669322 3.7763400072852118 -0.23899717183663427 -1.29872923775693483
-0.0176868636027541909 -0.0448951952418946143 1.82600807150853139 -1.57410370720833037 -0.090627451491015476 -0.238997171836634215 3.09783243502327865 0.332655181210987361
-0.0427502062427015106 -0.0844026940090042699 0.716506183555635001 1.30599251758630852 -1.07019296364250827 -1.29872923775693483 0.33265518121098725 3.91070355002282
2 1 2 1
1.62953127528996866 -1.53134232236293255 -1.33024167588731701 -0.0852247033685801236
-1.53134232236293255 3.26641486091408018 1.17590632832418152 1.48366374918017341
-1.33024167588731657 1.17590632832418152 3.12461244175714148 -1.68290615605831273
-0.0852247033685800404 1.48366374918017319 -1.68290615605831251 3.97944142203880702
sSigmaHd
6
-2 1 -2 1
0.159667347789211655 0.199203945231743618 -0.0020438223883426053 0.00109547054321270515
0.19920394523174359 0.145030570193650121 -0.264002032326631331 0.0156026689186420653
-0.00204382238834261961 -0.264002032326631331 0.0177371493201912145 -0.234453920678951488
0.0010954705432126878 0.0156026689186419959 -0.234453920678951433 -0.322435067303053047
-1 2 -1 2
0.122427938978444673 0.0593453284383872459 -0.194883902828547173 0.00266987220190602337 0.00110474554607257677 0.00044291473330223402 -0.000288597134293459411 0.000677966210638679683
0.0593453284383872459 0.087327353699333643 -0.00480488206872123347 -0.20400146563049984 0.00362675082389666767 0.00163124083674195605 -0.000405944546444723334 0.000986111475206823997
-0.194883902828547145 -0.00480488206872126122 0.116065968547846191 0.0467132598369620067 -0.264887670488957783 -0.0369740427416635764 0.0045615698353900537 -0.00952905541384327544
0.00266987220190602337 -0.204001465630499812 0.0467132598369619859 0.0770531509686433608 0.0557182771958019962 -0.271862343944026363 0.0075360083060270807 -0.0136420975017040869
0.0011047455460725681 0.00362675082389666854 -0.264887670488957783 0.0557182771958020517 0.0483618138148131163 -0.018207929245474555 -0.278063550398839676 0.106412998813347925
0.000442914733302228383 0.00163124083674195605 -0.0369740427416635764 -0.271862343944026419 -0.018207929245474562 0.0136085920985398803 0.200580250324411152 0.209251375446136645
-0.000288597134293461796 -0.000405944546444725503 0.00456156983539006758 0.00753600830602707897 -0.278063550398839676 0.20058025032441118 0.0337605797257580012 0.101639346027610072
0.00067796621063868326 0.000986111475206825731 -0.00952905541384328411 -0.0136420975017040695 0.106412998813347912 0.209251375446136645 0.101639346027610059 -0.29860539783337875
0 1 0 1
0.0678630923479152798 0.0870223494453512408 0.00296664034833368437 -0.190970572080918471 0.00319227486676198135 0.000639915240155646686 0.000326009771852272894 -0.000280329324639801429 3.50621154373074832e-05 0.000346528045834026543 -0.00020830303945690816 -0.000366394038564634371
0.087022349445351227 0.0444011457087471681 0.0864987950083468543 -0.00461257346744553976 -0.197222959784517898 0.00220363509209986052 0.00379156446123666939 -0.000155506473647680482 0.0008895304268314643 7.35995817105442068e-05 -0.00107439560365525546 0.000254562593763955978
0.00296664034833367873 0.0864987950083468682 0.0380107263617116622 -0.00243407978814668465 -0.00405581131672217397 -0.209027516117617745 0.000802058287985125138 -0.00698887759355252755 -0.000698179617281924846 0.00108435211547905017 -0.000359108780623089245 -0.00137884557410760875
-0.190970572080918416 -0.00461257346744554757 -0.00243407978814668509 0.0686291530384090381 0.0750892307058803471 0.000830962996310699391 -0.26589442653852835 0.00674801394745603092 -0.0159320849711656505 -0.00161300120399940241 0.00643491429541784721 -0.000341088527335819405
0.00319227486676197528 -0.197222959784517898 -0.00405581131672218525 0.075089230705880361 0.0423704560376263265 0.0629080837963176681 0.00893035779985952745 0.262004620548200895 0.00993763464070532287 -0.0132264139687422611 0.00451005175285007585 0.0121974467263237865
0.000639915240155643108 0.00220363509209985315 -0.209027516117617773 0.000830962996310699608 0.0629080837963176681 0.0387978606202472112 0.0363144569264689104 0.0133667581455599437 -0.271090152671214168 0.00011376743170188226 0.0214361602666710317 -0.00693451110244762414
0.000326009771852282001 0.00379156446123666722 0.000802058287985125571 -0.265894426538528406 0.00893035779985953439 0.0363144569264689104 0.0498556796145671263 0.00162022287389670971 -0.00658445082987198487 0.29922296774913304 -0.0334607572429741762 -0.0524245008680767274
-0.000280329324639804736 -0.000155506473647689183 -0.00698887759355253622 0.00674801394745602745 0.262004620548200839 0.0133667581455599541 0.00162022287389670429 0.0365869616910816306 0.0531257494202223152 0.0470410312285472892 0.21852542921187762 -0.0403228852592888432
3.50621154373121114e-05 0.000889530426831454976 -0.000698179617281923111 -0.0159320849711656609 0.00993763464070532461 -0.271090152671214224 -0.00658445082987198227 0.0531257494202222874 0.0636502828408725269 -0.151275657147625586 -0.0410089932665512469 -0.226536435023212857
0.00034652804583402329 7.35995817105390704e-05 0.00108435211547905255 -0.00161300120399939656 -0.013226413968742249 0.000113767431701878614 0.299222967749132984 0.0470410312285472823 -0.151275657147625614 0.0422994302980232925 0.15807311135010868 -0.0386003607479675007
-0.000208303039456906344 -0.00107439560365526067 -0.000359108780623083824 0.00643491429541785936 0.00451005175285008279 0.0214361602666710109 -0.0334607572429741762 0.21852542921187762 -0.0410089932665512469 0.158073111350108708 -0.128886331819957206 -0.293457951298272401
-0.000366394038564635889 0.000254562593763954677 -0.00137884557410761005 -0.000341088527335814255 0.0121974467263237813 -0.00693451110244762328 -0.0524245008680767483 -0.040322885259288857 -0.226536435023212884 -0.0386003607479675007 -0.293457951298272457 0.236421543260756178
0 3 0 3
0.0500000000000000028 0.200000000000000011 0 0
0.200000000000000011 0.0500000000000000028 0.282842712474619062 0
0 0.282842712474619062 0.0500000000000000028 0.346410161513775461
0 0 0.346410161513775461 0.0500000000000000028
1 2 1 2
-0.00857681098150653125 -0.0616634123518698674 0.194853832446227004 0.000974443983398104452 0.000748499486917627438 0.000416725681146503518 0.000226145554357039301 0.000581974117016637559
-0.0616634123518698674 -0.00104298333169054736 -0.00130334298728757014 0.204116553980885435 0.00330985334519553337 0.002055082361820431 0.000379841028062156884 0.00103440792952420955
0.194853832446226977 -0.00130334298728754239 -0.00241002055786263339 -0.0503557441018671059 -0.266963665223958924 -0.0408910050308841089 -0.00338548780600504695 -0.00784389892650019967
0.000974443983398104452 0.204116553980885462 -0.0503557441018671198 0.00920824930536470743 0.0608314062464782312 -0.26830130541250502 -0.00749608715313236119 -0.0146418918942837796
0.000748499486917622234 0.00330985334519553424 -0.266963665223958924 0.0608314062464782035 0.0468741917501326738 0.011363472087588429 -0.304905202055932356 -0.0797457459960981829
0.000416725681146516962 0.00205508236182044141 -0.0408910050308840672 -0.268301305412505076 0.0113634720875884013 0.0911339956983122923 0.158702780302049151 -0.219065166881917711
0.000226145554357037133 0.000379841028062155583 -0.00338548780600505042 -0.00749608715313236293 -0.304905202055932301 0.158702780302049179 0.0603645975245249156 0.0919880377046899123
0.000581974117016632354 0.00103440792952420261 -0.00784389892650019446 -0.0146418918942837588 -0.0797457459960982246 -0.219065166881917711 0.0919880377046898984 0.404448780592724766
2 1 2 1
-0.0596673477892117124 0.199203945231743618 0.00204382238834259836 0.00109547054321270515
0.199203945231743618 -0.0450305701936500949 -0.264002032326631331 -0.0156026689186419959
0.00204382238834261223 -0.264002032326631386 0.0822628506798087633 -0.234453920678951488
0.00109547054321269301 -0.0156026689186419681 -0.234453920678951488 0.422435067303053136
z
24
0.4722328021109161
0.2557283998390164
0.1332084596214436
0.06736434899992406
0.03378021280456334
0.01690245706597741
0.008452775369247297
0.004226581134517363
0.002113314747257192
0.001056660397508027
0.0005283305725631458
0.0002641653342955282
0.0001320826689708394
6.604133600102849e-05
3.302066401129337e-05
1.651033279471816e-05
8.255162317321432e-06
4.127581936379151e-06
2.063786886734184e-06
1.03189422090461e-06
5.159430289796119e-07
2.579722920103672e-07
1.289820645516547e-07
6.449180973960639e-08
3.224182349431066e-08
24
0
0
0
0
0
0
0
0
0
0
0
0
0
0
0
0
0
0
0
0
0
0
0
0
0
