0.4722328021109161
0.2557283998390164
0.1332084596214436
0.06736434899992406
0.03378021280456334
0.01690245706597741
0.008452775369247297
0.004226581134517363
0.002113314747257192
0.001056660397508027
0.0005283305725631458
0.0002641653342955282
0.0001320826689708394
6.604133600102849e-05
3.302066401129337e-05
1.651033279471816e-05
8.255162317321432e-06
4.127581936379151e-06
2.063786886734184e-06
1.03189422090461e-06
5.159430289796119e-07
2.579722920103672e-07
1.289820645516547e-07
6.449180973960639e-08
3.224182349431066e-08
