-3 8.25968195067e-11
-2.72727272727 3.51369577048e-10
-2.47933884298 1.3820056508e-09
-2.2539444027 5.08064281212e-09
-2.0490403661 1.71500271584e-08
-1.86276396918 5.14885320116e-08
-1.69342179016 1.33848108479e-07
-1.53947435469 2.97815001618e-07
-1.39952214063 5.73235096643e-07
-1.27229285512 1.00002497142e-06
-1.15662986829 1.73896750716e-06
-1.05148169844 3.32594340257e-06
-0.955892453131 6.96797884084e-06
-0.86899313921 1.45336284599e-05
-0.789993762918 2.77133829746e-05
-0.718176148107 4.6157580262e-05
-0.65288740737 6.56773489169e-05
-0.5935340067 7.89079206422e-05
-0.539576369728 7.96129259033e-05
-0.49052397248 6.76916042769e-05
-0.445930884072 4.98692535158e-05
-0.405391712793 3.50205139496e-05
-0.368537920721 2.86615068295e-05
-0.335034473383 3.14452325678e-05
-0.304576793984 4.22499462564e-05
-0.276887994531 6.28512738317e-05
-0.251716358665 0.000100040369275
-0.228833053332 0.000162192989
-0.208030048483 0.000251063500277
-0.189118225894 0.00035409160265
-0.171925659904 0.000443998812364
-0.156296054458 0.000489457400278
-0.142087322234 0.000473575048496
-0.12917029294 0.000408167580866
-0.117427539037 0.000330091325532
-0.106752308215 0.000279101345525
-0.0970475529228 0.00027472847655
-0.0882250481117 0.000311818751783
-0.0802045891924 0.000376165681716
-0.0729132629022 0.000461323853634
-0.0662847844565 0.00056784080031
-0.0602588949605 0.00068949578984
-0.0547808136004 0.00080951995538
-0.0498007396368 0.000914456271989
-0.0452733996698 0.00100294917953
-0.0411576360634 0.00107111151787
-0.037416032785 0.00109622499511
-0.034014575259 0.00105166057947
-0.0309223411446 0.000939798451741
-0.0281112192224 0.000796971401172
-0.0255556538385 0.000662627272207
-0.0232324125805 0.000553525270328
-0.0211203750731 0.000468350876249
-0.0192003409756 0.000405890585048
-0.0174548554323 0.000378591008892
-0.015868050393 0.000423627508699
-0.0144255003573 0.000604346705329
-0.0131140912339 0.000973071556977
-0.0119219011217 0.0014922711156
-0.0108380919289 0.00198613300735
-0.00985281084442 0.00221536350752
-0.00895710076765 0.00204967376991
-0.00814281887968 0.00157304712926
-0.0074025626179 0.00100846121446
-0.0067296023799 0.000549211302877
-0.00611782034537 0.000264271769443
-0.00556165485943 0.000127140300765
-0.0050560498722 9.55956035209e-05
-0.00459640897473 0.000171973849786
-0.00417855361339 0.000423832279169
-0.00379868510308 0.000951111816582
-0.00345335009371 0.00178072330493
-0.0031394091761 0.00273789507504
-0.00285400834191 0.00344572737556
-0.0025945530381 0.00354720011111
-0.00235868458009 0.00298689088883
-0.00214425870917 0.00205785965509
-0.00194932609925 0.0011609452263
-0.00177211463568 0.000537463909608
-0.00161101330516 0.000206638092146
-0.00146455755015 7.5118100193e-05
-0.00133141595468 6.15043590638e-05
-0.00121037814062 0.000158904931026
-0.0011003437642 0.000446059561341
-0.00100031251291 0.00104765330616
-0.000909375011735 0.00201518307045
-0.000826704556123 0.00316884347771
-0.000751549596476 0.00407270480851
-0.000683226905887 0.00427806164657
-0.000621115368988 0.00367278830158
-0.000564650335444 0.00257716629574
-0.000513318486767 0.00147815282274
-0.000466653169788 0.000693209439925
-0.000424230154353 0.000266727426401
-0.000385663776684 8.89635725084e-05
-0.000350603433349 4.74687920666e-05
-0.000318730393954 0.000104039919914
-0.000289754903595 0.000312036165205
-0.000263413548722 0.000795973425862
-0.000239466862475 0.00166329224533
-0.000217697147704 0.00284096349568
-0.000197906497913 0.00396582075895
-0.000179914998103 0.00452448595663
-0.000163559089184 0.00421869361763
-0.000148690081077 0.0032148882403
-0.000135172800979 0.00200237028581
-0.000122884364526 0.00101941106476
-0.00011171305866 0.000424563520005
-0.000101557326055 0.000146699500269
-9.23248418679e-05 0.000178516636538
-8.39316744254e-05 0.000570689112538
-7.63015222049e-05 0.00106688991025
-6.93650201863e-05 0.00145783576394
-6.30591092603e-05 0.00165870224058
-5.73264629639e-05 0.00170842766708
-5.21149663308e-05 0.00169630861316
-4.73772421189e-05 0.00168055726905
-4.30702201081e-05 0.00167450030573
-3.91547455528e-05 0.00167447128344
-3.55952232298e-05 0.00167702770782
-3.23592938453e-05 0.00168084203709
-2.94175398594e-05 0.00168537277347
-2.6743218054e-05 0.00169029396611
-2.43120164127e-05 0.00169537710283
-2.21018331024e-05 0.00170046122526
-2.00925755477e-05 0.00170543541423
-1.82659777706e-05 0.00171022566675
-1.66054343369e-05 0.00171478500831
-1.50958493972e-05 0.00171908608776
-1.3723499452e-05 0.00172311565354
-1.24759085927e-05 0.00172687044796
-1.13417350843e-05 0.00173035416672
-1.03106682585e-05 0.00173357521692
1.03106682585e-05 0.00180348956397
1.13417350843e-05 0.00180699910872
1.24759085927e-05 0.00181083262492
1.3723499452e-05 0.00181501171856
1.50958493972e-05 0.00181955620044
1.66054343369e-05 0.00182448251859
1.82659777706e-05 0.00182980155884
2.00925755477e-05 0.00183551559004
2.21018331024e-05 0.00184161405583
2.43120164127e-05 0.00184806781611
2.6743218054e-05 0.00185482131573
2.94175398594e-05 0.00186178198783
3.23592938453e-05 0.00186880552176
3.55952232298e-05 0.00187566999218
3.91547455528e-05 0.00188199665314
4.30702201081e-05 0.00188692058346
4.73772421189e-05 0.00188785878692
5.21149663308e-05 0.00187734039417
5.73264629639e-05 0.00184134360997
6.30591092603e-05 0.00178582744229
6.93650201863e-05 0.00184018320555
7.63015222049e-05 0.00233424148793
8.39316744254e-05 0.00342791436652
9.23248418679e-05 0.00443429016086
0.000101557326055 0.00429090105226
0.00011171305866 0.00324968543955
0.000122884364526 0.00201150950805
0.000135172800979 0.00101768772625
0.000148690081077 0.00042123003401
0.000163559089184 0.000144989602996
0.000179914998103 5.34127225858e-05
0.000197906497913 6.78086219556e-05
0.000217697147704 0.000202875276528
0.000239466862475 0.00056202886798
0.000263413548722 0.00128190525205
0.000289754903595 0.00239062294524
0.000318730393954 0.00364377750953
0.000350603433349 0.00453905661953
0.000385663776684 0.00462116726303
0.000424230154353 0.00384516204951
0.000466653169788 0.00261498421264
0.000513318486767 0.0014536574765
0.000564650335444 0.000660942436355
0.000621115368988 0.000247624754174
0.000683226905887 8.54511024972e-05
0.000751549596476 6.49223704163e-05
0.000826704556123 0.000168277122081
0.000909375011735 0.000479560538731
0.00100031251291 0.00114093048449
0.0011003437642 0.00222187384947
0.00121037814062 0.00353738377766
0.00133141595468 0.00460385852534
0.00146455755015 0.00489862078889
0.00161101330516 0.00426210214653
0.00177211463568 0.00303367039793
0.00194932609925 0.00176855075106
0.00214425870917 0.000848163849078
0.00235868458009 0.000344874387448
0.0025945530381 0.000155142980489
0.00285400834191 0.000188518041121
0.0031394091761 0.000466684926553
0.00345335009371 0.00110513471041
0.00379868510308 0.00217949983583
0.00417855361339 0.00353084691752
0.00459640897473 0.00469383887799
0.0050560498722 0.00512570500196
0.00556165485943 0.00461013711952
0.00611782034537 0.00343607568494
0.0067296023799 0.00215677739522
0.0074025626179 0.00120234130182
0.00814281887968 0.000718712345564
0.00895710076765 0.000671395854411
0.00985281084442 0.000985070598132
0.0108380919289 0.00155754902879
0.0119219011217 0.00219963625674
0.0131140912339 0.00265087461015
0.0144255003573 0.00271933474579
0.015868050393 0.00241691469634
0.0174548554323 0.00193800575924
0.0192003409756 0.00150208914454
0.0211203750731 0.0012219655689
0.0232324125805 0.00109935327187
0.0255556538385 0.00110033046163
0.0281112192224 0.00120896837533
0.0309223411446 0.00141896993725
0.034014575259 0.00169806408593
0.037416032785 0.00197432424354
0.0411576360634 0.00216177491497
0.0452733996698 0.00221326662034
0.0498007396368 0.00217527525309
0.0547808136004 0.00221631968764
0.0602588949605 0.00261759147231
0.0662847844565 0.00373129859173
0.0729132629022 0.00587331838067
0.0802045891924 0.00907619189394
0.0882250481117 0.012783930459
0.0970475529228 0.0158699953819
0.106752308215 0.0172586181589
0.117427539037 0.0167128232856
0.12917029294 0.0149405355238
0.142087322234 0.0128819549175
0.156296054458 0.0109950488229
0.171925659904 0.00921706745869
0.189118225894 0.0073880074331
0.208030048483 0.00554623436452
0.228833053332 0.00388439941558
0.251716358665 0.00256637315436
0.276887994531 0.00162889771706
0.304576793984 0.0010073329652
0.335034473383 0.000609174564002
0.368537920721 0.000364843144312
0.405391712793 0.000235566964128
0.445930884072 0.000195272413219
0.49052397248 0.000212645919605
0.539576369728 0.000248285248325
0.5935340067 0.00026601716053
0.65288740737 0.000247353494269
0.718176148107 0.000196790062866
0.789993762918 0.000133711158925
0.86899313921 7.78814485596e-05
0.955892453131 3.93914707966e-05
1.05148169844 1.78945900788e-05
1.15662986829 7.80955795095e-06
1.27229285512 3.54445804205e-06
1.39952214063 1.69824391707e-06
1.53947435469 8.00552868423e-07
1.69342179016 3.42659218227e-07
1.86276396918 1.27554985901e-07
2.0490403661 4.0922618891e-08
2.2539444027 1.14734739091e-08
2.47933884298 2.89135496595e-09
2.72727272727 6.73694741127e-10
3 1.4639612156e-10
