#               T           <Sz^2>              <Q>            <Q^2>              <E>            <E^2>                C                F                S 
 1.082021280666723 0.2524738481811284 -0.02253726919037036 0.9873892038546108 0.1474841213767015 0.02869745041710545 0.006945884358847833 -2.62161454792343 2.769098669300131 
 0.5410106403333613 0.3372293447423371 -0.04384497829362713 1.305289583861474 1.074414340042217 1.808189291232577 0.6538231171442233 -2.724973712013715 3.799388052055932 
 0.2705053201666807 0.363783599739496 -0.08260725775847541 1.373817321623376 1.234038110674291 3.242365064681374  1.7195150060848 -2.977556154237883 4.211594264912174 
 0.1352526600833403 0.3645711232190344 -0.146243679547898 1.317726626782346 1.429400823411193 3.888353263548615 1.84516654958002 -2.672217793581257 4.10161861699245 
 0.06762633004167017 0.3733716882777878 -0.2296809008307735 1.285359350161031 1.409266885703026 3.943168802626968 1.957135647487862 -2.665859869308147 4.075126755011174 
 0.03381316502083508 0.3662337919860941 -0.3047101331108279 1.226922499371876 1.461269964343241 4.101312335081937 1.96600242639024 -2.392091793412315 3.853361757755557 
 0.01690658251041754 0.353098737171134 -0.356016355218297 1.223516640195035   1.490416121956 4.222991998694778 2.001651782108415 -2.272769555769909 3.763185677725909 
 0.008453291255208771 0.3216645815218778 -0.4140023478056877 1.211699642170508 1.502277700290921 4.281383455456549 2.02454516666517 -2.025990689205195 3.528268389496116 
 0.004226645627604385 0.2883110055070592 -0.4709913056243797 1.219750504932419 1.462385790297681 4.278687419570032 2.140115219905458 -1.87424653330736 3.336632323605041 
 0.002113322813802193 0.2598163310662377 -0.5186572335024772 1.224085619308966 1.377855718914967 3.884107984554798 1.985621602408118 -1.713768280509221 3.091623999424188 
 0.001056661406901096 0.2445758414082096 -0.5234135127596923 1.210522085920295 1.298129334063963 3.587428629954456 1.902288861997107 -1.673810254963675 2.971939589027639 
 0.0005283307034505482 0.2364435841730407 -0.5429052011946236 1.219699113197568 1.285431878312565 3.467326164490275 1.814991050708105 -1.60976992956122 2.895201807873785 
 0.0002641653517252741 0.2331907616605519 -0.5264000618629391 1.199442514025992 1.248144353883985 3.344300785535715 1.786436457403245 -1.622930754032592 2.871075107916577 
 0.000132082675862637 0.2307669953396363 -0.5458661912361688 1.215872860612486 1.26220997026961 3.362281877246588 1.769107868198578 -1.584368584510289 2.846578554779899 
 6.604133793131852e-05 0.230392141629467 -0.5259271028478789 1.195556798015678 1.23670026087722 3.291081322596286 1.761653787342503 -1.610382792536929 2.847083053414149 
 3.302066896565926e-05 0.229361632090102 -0.5463837977576712 1.214693105305675 1.256340449295607 3.335253350050453 1.756862025514167 -1.57805051284526 2.834390962140866 
 1.651033448282963e-05 0.2296913742664934 -0.5257313775449356 1.19450560106963 1.233890770225573 3.278322303711477 1.75583587086362 -1.607243563324418 2.841134333549991 
 8.255167241414815e-06 0.2290111072206148 -0.5464991387733069 1.21438373071032 1.254865351608235 3.328401302393768 1.753714251726909 -1.576472839969025 2.83133819157726 
 4.127583620707408e-06 0.2295160641286465 -0.5256774795610762 1.194237683749832 1.233191200990297 3.275166066784827 1.754405528584937 -1.606458589884262 2.839649790874558 
 2.063791810353704e-06 0.2289236492872663 -0.5465268519134027 1.214305705467781 1.254495746844987 3.326680232461582 1.752920653609421 -1.576080079973986 2.830575826818973 
 1.031895905176852e-06 0.2294724027341518 -0.5256631660443269 1.194170526129773 1.233017328801899 3.274380861111919 1.754049127986148 -1.606263385276208 2.839280714078107 
 5.159479525884259e-07 0.2289022874382427 -0.546532741404649 1.214287064914625 1.254402085213117 3.326243725925163 1.752719134538146 -1.575988193471317 2.830390278684435 
 2.57973976294213e-07 0.2294621979487433 -0.5256574201278182 1.194154302715947 1.232977348856741 3.274191930769209 1.753958787975411 -1.606218864486882 2.839196213343623 
 1.289869881471065e-07 0.228898945620897 -0.5465302741260508 1.214286092476504 1.254373759195827 3.326111308856072 1.752657781097001 -1.575990415762687 2.830364174958514 
 6.449349407355324e-08 0.2294624920260909 -0.5256473876538811 1.194152591122712 1.232981269501099 3.274173679479585 1.753930868539044 -1.60622486470554 2.839206134206639 
