#                   1                    2                    3                    4                    5                    6 
#                   T                 Himp                 Hpot              SigmaHd                  n_d               n_d_ud 
      1.0820212806667  -0.0057547495227285     0.02397464308891    0.049548987686064     0.99097975372127      0.2397464308891 
     0.54101064033336  -0.0064896767490402    0.022983152183369    0.049121381554015     0.98242763108031     0.22983152183369 
     0.27050532016668  -0.0078839174202549    0.021119714847116    0.048339387112285      0.9667877422457     0.21119714847116 
     0.13525266008334   -0.010363104179789    0.017867222523403    0.047050544505321     0.94101089010641     0.17867222523403 
     0.06762633004167   -0.014213940179503    0.013010223200789     0.04537360563382      0.9074721126764     0.13010223200789 
    0.033813165020835   -0.018691263106581   0.0078379007909532    0.044215273162556     0.88430546325113    0.078379007909532 
    0.016906582510418   -0.021812428364458   0.0049398822966801     0.04458718443523     0.89174368870459    0.049398822966801 
   0.0084532912552088   -0.022884154038912   0.0044030396623756    0.045478656168813     0.90957312337626    0.044030396623756 
   0.0042266456276044   -0.022974582281697   0.0044720452057383    0.045744379145726     0.91488758291452    0.044720452057383 
   0.0021133228138022   -0.022768980514961   0.0045903778089107    0.045598930539786     0.91197861079572    0.045903778089107 
   0.0010566614069011   -0.022534553892577   0.0046908544933633    0.045375680643233     0.90751361286467    0.046908544933633 
  0.00052833070345055   -0.022336203482851   0.0047684075434849    0.045174351710561     0.90348703421121    0.047684075434849 
  0.00026416535172527   -0.022207019308566   0.0048173678259436    0.045040645224183     0.90081290448365    0.048173678259436 
  0.00013208267586264   -0.022140778460477   0.0048422359223425    0.044971690638032     0.89943381276064    0.048422359223425 
  6.6041337931319e-05   -0.022115618184862   0.0048516067330771    0.044945374863231     0.89890749726463    0.048516067330771 
  3.3020668965659e-05   -0.022108013407001   0.0048544531012589    0.044937444180433     0.89874888360867    0.048544531012589 
   1.651033448283e-05   -0.022105946723026   0.0048552176410137    0.044935273940066     0.89870547880132    0.048552176410137 
  8.2551672414148e-06   -0.022105434877835   0.0048554107802487    0.044934742763473     0.89869485526947    0.048554107802487 
  4.1275836207074e-06   -0.022105300827951   0.0048554595854562    0.044934600689013     0.89869201378026    0.048554595854563 
  2.0637918103537e-06    -0.02210526907339   0.0048554719470879    0.044934568367464     0.89869136734928    0.048554719470879 
  1.0318959051769e-06   -0.022105260529765   0.0048554748719473    0.044934559002855     0.89869118005709    0.048554748719473 
  5.1594795258843e-07   -0.022105258609949   0.0048554757134998    0.044934557205749     0.89869114411497    0.048554757134998 
  2.5797397629421e-07    -0.02210525804443   0.0048554758614856    0.044934556509859     0.89869113019718    0.048554758614856 
  1.2898698814711e-07   -0.022105257939975   0.0048554759315405    0.044934556452527     0.89869112905053    0.048554759315405 
  6.4493494073553e-08   -0.022105257896873   0.0048554759320403    0.044934556381522     0.89869112763043    0.048554759320403 
