-3 9.32879479853e-11
-2.72727272727 4.07801517194e-10
-2.47933884298 1.65489240532e-09
-2.2539444027 6.24780054405e-09
-2.0490403661 2.14244022467e-08
-1.86276396918 6.46198823253e-08
-1.69342179016 1.67432863522e-07
-1.53947435469 3.69875686245e-07
-1.39952214063 7.07706227798e-07
-1.27229285512 1.24014686213e-06
-1.15662986829 2.22176633764e-06
-1.05148169844 4.52111742492e-06
-0.955892453131 1.02530305793e-05
-0.86899313921 2.32067567141e-05
-0.789993762918 4.79591570872e-05
-0.718176148107 8.63608272702e-05
-0.65288740737 0.000132333558121
-0.5935340067 0.000170312010595
-0.539576369728 0.000182831092348
-0.49052397248 0.000163656239947
-0.445930884072 0.000123765857179
-0.405391712793 8.31625850987e-05
-0.368537920721 5.69595012822e-05
-0.335034473383 4.91614641375e-05
-0.304576793984 5.74832180044e-05
-0.276887994531 8.25096562083e-05
-0.251716358665 0.000134307862515
-0.228833053332 0.000234135219611
-0.208030048483 0.000409329776464
-0.189118225894 0.000675334284135
-0.171925659904 0.00100396756971
-0.156296054458 0.00130291584098
-0.142087322234 0.00144853318888
-0.12917029294 0.00137121414645
-0.117427539037 0.00111770675553
-0.106752308215 0.000818665650031
-0.0970475529228 0.000592363151435
-0.0882250481117 0.000482623451174
-0.0802045891924 0.000474538045061
-0.0729132629022 0.000544133015759
-0.0662847844565 0.000689116186985
-0.0602588949605 0.000939379789505
-0.0547808136004 0.00136657155178
-0.0498007396368 0.00206712746902
-0.0452733996698 0.00306157378725
-0.0411576360634 0.00414618605823
-0.037416032785 0.00488573208424
-0.034014575259 0.00487590656009
-0.0309223411446 0.00407847155671
-0.0281112192224 0.00287002313105
-0.0255556538385 0.00174785384758
-0.0232324125805 0.00101027481564
-0.0211203750731 0.000684664952832
-0.0192003409756 0.000671236637341
-0.0174548554323 0.000930159725028
-0.015868050393 0.0016031100243
-0.0144255003573 0.00300451172638
-0.0131140912339 0.0054013779143
-0.0119219011217 0.00860760718379
-0.0108380919289 0.0117146396328
-0.00985281084442 0.0134086375705
-0.00895710076765 0.012847119687
-0.00814281887968 0.0103404406887
-0.0074025626179 0.00712521561819
-0.0067296023799 0.00446231212692
-0.00611782034537 0.00294402241879
-0.00556165485943 0.00249693322172
-0.0050560498722 0.00283399330139
-0.00459640897473 0.00390746321327
-0.00417855361339 0.00610454800752
-0.00379868510308 0.0100249088601
-0.00345335009371 0.0157777461983
-0.0031394091761 0.0222000795383
-0.00285400834191 0.0268999037948
-0.0025945530381 0.0275950820259
-0.00235868458009 0.0238102412257
-0.00214425870917 0.017288971951
-0.00194932609925 0.010702111299
-0.00177211463568 0.00597683658761
-0.00161101330516 0.00368009805566
-0.00146455755015 0.00357085541013
-0.00133141595468 0.0055027645089
-0.00121037814062 0.00994090445744
-0.0011003437642 0.0176947872527
-0.00100031251291 0.0287571192739
-0.000909375011735 0.0409098584932
-0.000826704556123 0.0497224066045
-0.000751549596476 0.0509533598803
-0.000683226905887 0.0437325073542
-0.000621115368988 0.0313568498231
-0.000564650335444 0.0188015995684
-0.000513318486767 0.00952182088443
-0.000466653169788 0.00435243296119
-0.000424230154353 0.00264982588434
-0.000385663776684 0.00399846991195
-0.000350603433349 0.00911267233904
-0.000318730393954 0.0193842251595
-0.000289754903595 0.0350492510792
-0.000263413548722 0.0530218243496
-0.000239466862475 0.0667954160828
-0.000217697147704 0.0699265563433
-0.000197906497913 0.0607785375501
-0.000179914998103 0.0438619301792
-0.000163559089184 0.0263117062671
-0.000148690081077 0.0131653016683
-0.000135172800979 0.00558232293164
-0.000122884364526 0.00227900411343
-0.00011171305866 0.00178672358046
-0.000101557326055 0.00381531716139
-9.23248418679e-05 0.0106384485125
-8.39316744254e-05 0.0221703568513
-7.63015222049e-05 0.0311750862333
-6.93650201863e-05 0.0332929341891
-6.30591092603e-05 0.0309934654003
-5.73264629639e-05 0.0286681435689
-5.21149663308e-05 0.0278080249808
-4.73772421189e-05 0.0278100140615
-4.30702201081e-05 0.0280361496725
-3.91547455528e-05 0.028270706199
-3.55952232298e-05 0.0284791120104
-3.23592938453e-05 0.0286610630736
-2.94175398594e-05 0.0288190920276
-2.6743218054e-05 0.0289557190299
-2.43120164127e-05 0.0290734139549
-2.21018331024e-05 0.0291745338048
-2.00925755477e-05 0.0292612572717
-1.82659777706e-05 0.0293355508506
-1.66054343369e-05 0.0293991597822
-1.50958493972e-05 0.0294536141621
-1.3723499452e-05 0.0295002434358
-1.24759085927e-05 0.0295401949436
-1.13417350843e-05 0.0295744538321
-1.03106682585e-05 0.0296038627296
1.03106682585e-05 0.0298104910962
1.13417350843e-05 0.0298004544844
1.24759085927e-05 0.0297870767917
1.3723499452e-05 0.0297695238279
1.50958493972e-05 0.0297467721814
1.66054343369e-05 0.0297175689109
1.82659777706e-05 0.0296803835376
2.00925755477e-05 0.0296333513444
2.21018331024e-05 0.0295742071867
2.43120164127e-05 0.0295002094835
2.6743218054e-05 0.0294080549442
2.94175398594e-05 0.0292937854079
3.23592938453e-05 0.0291526814309
3.55952232298e-05 0.0289790677375
3.91547455528e-05 0.0287656021935
4.30702201081e-05 0.0285013418048
4.73772421189e-05 0.0281784237505
5.21149663308e-05 0.027889770807
5.73264629639e-05 0.0282303492298
6.30591092603e-05 0.030747652245
6.93650201863e-05 0.0364573059747
7.63015222049e-05 0.0417558379825
8.39316744254e-05 0.0391253902917
9.23248418679e-05 0.0270263970132
0.000101557326055 0.0139645626707
0.00011171305866 0.0061853940435
0.000122884364526 0.00262747116636
0.000135172800979 0.00183679066632
0.000148690081077 0.00344380588477
0.000163559089184 0.00835089307349
0.000179914998103 0.0179345855316
0.000197906497913 0.0322570886719
0.000217697147704 0.0482347309463
0.000239466862475 0.0599103899094
0.000263413548722 0.0618510470833
0.000289754903595 0.0531763879876
0.000318730393954 0.0382154804512
0.000350603433349 0.0231277209221
0.000385663776684 0.0119880674875
0.000424230154353 0.00560816538197
0.000466653169788 0.00294034514818
0.000513318486767 0.00293646721461
0.000564650335444 0.00541089727731
0.000621115368988 0.0107057825978
0.000683226905887 0.0185765036361
0.000751549596476 0.0271853334613
0.000826704556123 0.0333867938619
0.000909375011735 0.0345812126905
0.00100031251291 0.030596663553
0.0011003437642 0.0236811797286
0.00121037814062 0.0166790012647
0.00133141595468 0.011301040168
0.00146455755015 0.00782251084051
0.00161101330516 0.00581081291777
0.00177211463568 0.00486457905593
0.00194932609925 0.004897240869
0.00214425870917 0.00601263572655
0.00235868458009 0.00812670412469
0.0025945530381 0.0106122341854
0.00285400834191 0.0123929690521
0.0031394091761 0.0126011333181
0.00345335009371 0.011237207844
0.00379868510308 0.00913721418563
0.00417855361339 0.00729373920442
0.00459640897473 0.0062506442569
0.0050560498722 0.00604804041325
0.00556165485943 0.00648849588834
0.00611782034537 0.00728364112195
0.0067296023799 0.0080434379965
0.0074025626179 0.00837924755186
0.00814281887968 0.00814782183399
0.00895710076765 0.00751816531098
0.00985281084442 0.00673173208293
0.0108380919289 0.00587530539482
0.0119219011217 0.00494831332512
0.0131140912339 0.00405974228688
0.0144255003573 0.00345942260231
0.015868050393 0.00342287652967
0.0174548554323 0.00421028004311
0.0192003409756 0.00610872613615
0.0211203750731 0.00928247103129
0.0232324125805 0.0133186870275
0.0255556538385 0.0169454276787
0.0281112192224 0.0185761090583
0.0309223411446 0.017479439374
0.034014575259 0.0144406539067
0.037416032785 0.0112628422536
0.0411576360634 0.00983894850611
0.0452733996698 0.0117773881975
0.0498007396368 0.0183502307744
0.0547808136004 0.0297600313605
0.0602588949605 0.043762103886
0.0662847844565 0.0553981920903
0.0729132629022 0.0593736802583
0.0802045891924 0.0537521496447
0.0882250481117 0.0414702375644
0.0970475529228 0.0280849626292
0.106752308215 0.0180458169292
0.117427539037 0.0127057894865
0.12917029294 0.0108285979538
0.142087322234 0.0102461852021
0.156296054458 0.00930805749867
0.171925659904 0.00751676488948
0.189118225894 0.00529260506095
0.208030048483 0.00328478567231
0.228833053332 0.00185194218898
0.251716358665 0.00099186403573
0.276887994531 0.00053166389887
0.304576793984 0.000300018499263
0.335034473383 0.000189642294567
0.368537920721 0.000151412246189
0.405391712793 0.000167071451336
0.445930884072 0.000220923799043
0.49052397248 0.000283613971602
0.539576369728 0.000318078287653
0.5935340067 0.000301484736348
0.65288740737 0.000240159939521
0.718176148107 0.000161573436
0.789993762918 9.28151208751e-05
0.86899313921 4.63546137028e-05
0.955892453131 2.07966232035e-05
1.05148169844 8.93040808091e-06
1.15662986829 4.04595311828e-06
1.27229285512 2.05562994972e-06
1.39952214063 1.10622955367e-06
1.53947435469 5.64832148431e-07
1.69342179016 2.54297077182e-07
1.86276396918 9.8138139853e-08
2.0490403661 3.24597624542e-08
2.2539444027 9.36813237407e-09
2.47933884298 2.42852896307e-09
2.72727272727 5.80660164748e-10
3 1.28795340351e-10
