#               T           <Sz^2>              <Q>            <Q^2>              <E>            <E^2>                C                F                S 
 1.082021280666723 0.2525296474006498 -0.009016160098121588 0.9871656203546135 0.1439844193001715 0.02684763886897084 0.006116125867763233 -2.625540694832162 2.769525114132333 
 0.5410106403333613 0.3374500042866574 -0.01754698308430288 1.304402429171854 1.075494038564322 1.807479737909333 0.650792310921938 -2.725505463071117 3.800999501635439 
 0.2705053201666807 0.3646369200040088 -0.03309939933126988 1.370365960820945 1.220516857313763 3.199296772077454 1.709635373090389  -2.996759868889 4.217276726202763 
 0.1352526600833403 0.367719104671093 -0.05875114677193188 1.304922674771652 1.440698384910378 3.895988128164479 1.820376291881106 -2.678229548754726 4.118927933665105 
 0.06762633004167017 0.3836335317161171 -0.09203381171330008 1.243395565557438 1.398965938679437 3.887204575235771 1.930098877650533 -2.713813343926455 4.112779282605892 
 0.03381316502083508 0.3926673420188939 -0.1152291439919595 1.120744980968234 1.474268829301713 4.173833532268436 2.000364951217791 -2.417666668802675 3.891935498104388 
 0.01690658251041754 0.4025600862592847 -0.1075903533778628 1.039560229496128 1.40077511417939 3.98064820196482 2.018477281460536 -2.370301333373316 3.771076447552707 
 0.008453291255208771 0.3962176796306307 -0.08998475424052606 0.9680089955300162 1.335579497034159 3.672235938959229 1.888463346061211 -2.238553602968722 3.574133100002881 
 0.004226645627604385 0.3840518389802176 -0.0849660423206267 0.9545848631623092 1.39892559532535 3.829415008961075 1.872422187704689 -2.143097106518577 3.542022701843927 
 0.002113322813802193 0.364888870317727 -0.0871963314740668 0.9326032344995695 1.261004504134601 3.417338750171909 1.827206390724159 -2.170188587036213 3.431193091170813 
 0.001056661406901096 0.3388907015925091 -0.09232950411666185 0.9351143133728907 1.468121150052579 4.067773919539994 1.912394208308288 -1.920349395207382 3.388470545259961 
 0.0005283307034505482 0.31326473318097 -0.0961902310901914 0.9290763931593268 1.185866220046582 3.282831987274824 1.876553295427256 -2.08326567619824 3.269131896244822 
 0.0002641653517252741 0.2815386485579701 -0.09787559470010211 0.9258801016188049 1.457958491219609 4.105501062336585 1.979858100217226 -1.68793242093216 3.14589091215177 
 0.000132082675862637 0.2633236495745252 -0.1016685830969378 0.9328533199986402 1.112652151159405 3.105561759662334 1.867566950182682 -1.936993533661811 3.049645684821216 
 6.604133793131852e-05 0.2436633580584754 -0.09835334271099859 0.9200198091945833 1.369970886700266 3.758294484274932 1.881474253868619 -1.549693494333941 2.919664381034207 
 3.302066896565926e-05 0.2403005252756188 -0.1034471824766496 0.9357011531480809 1.067841236700692 2.933378289036479 1.793093382238016 -1.854419865987959 2.922261102688651 
 1.651033448282963e-05 0.2311061581439209 -0.0978335562022533 0.9176750128681141 1.324767429955867 3.543325302545122 1.788316559073249 -1.505054129656195 2.829821559612062 
 8.255167241414815e-06 0.2337638420985492 -0.1039195622342841 0.9366710026798601 1.053118677730587 2.875699932652287 1.766640983267267 -1.831421783667378 2.884540461397965 
 4.127583620707408e-06 0.2278876005327856 -0.0976191858330836 0.9170096313720324 1.312149460080093  3.4801019202515 1.75836571466302 -1.493580676770999 2.805730136851092 
 2.063791810353704e-06 0.2321022579009257 -0.1040416887669609 0.9369316816876855 1.049416702672207 2.861810679804765 1.760535263957358 -1.825593400270146 2.875010102942353 
 1.031895905176852e-06 0.2270842920333799 -0.0975593150969038 0.9168385140637674 1.308955638690577 3.463897144465636 1.750532280405779 -1.490710580284277 2.799666218974854 
 5.159479525884259e-07 0.2316856792390432 -0.1040725653112107 0.9369979632865696 1.048495284258984 2.858416976146521 1.759074615033195 -1.824132990030863 2.872628274289847 
 2.57973976294213e-07 0.2268836682020308 -0.09754394053290896 0.9167954505608881 1.308155723796211 3.459826041969682 1.748554644268894 -1.48999329475097 2.798149018547181 
 1.289869881471065e-07 0.2315814689695328 -0.1040803077064765 0.9370146020747028 1.048265263524818 2.857574170811917 1.758714108099162 -1.823767705146261 2.872032968671078 
 6.449349407355324e-08 0.2268335268760014 -0.09754007125171148 0.9167846672209294 1.307955670664434 3.458807108574366 1.748059072151118 -1.489813993881383 2.797769664545817 
