# Input file for NRG Ljubljana
# symtype  QS
# Using sneg version  2.0.13
#!9
# Number of channels, chain sites, subspaces: 
1 24 6
# SCALE  1
# Energies (GS energy subtracted, multiplied by 1/SCALE):
-2 1
1
0.142150407830832
-1 2
2
0.0623619517505451 0.221938863911118
0 1
3
0 0.187712588576016 0.338738634916479
0 3
1
0.142150407830832
1 2
2
0.0979899186452086 0.286310897016455
2 1
1
0.242150407830832
# Irreducible matrix elements for Wilson chains:
f 0 0
6
2 1 1 2
-0.68482969685611772 1.23733919613982901
1 2 0 3
-1.0715671769553079
-0.593079914743393943
1 2 0 1
-0.621219420071149386 -0.479889140236025358 0.0322610234494108417
0.048036373956721834 0.435141802149735801 0.831321953502347721
0 3 -1 2
0.707106781186547462 0.707106781186547462
0 1 -1 2
-1.10430520453990644 0.0637800363215996757
0.523385218471020819 -0.941692074564110415
0.0811044284371514879 0.78047943193267888
-1 2 -2 1
-0.707106781186547462
0.707106781186547462
# GS energy in absolute units:
e
-0.142150407830832
# Irreducible matrix elements for other operators:
sHimp
6
-2 1 -2 1
0
-1 2 -1 2
0 0
0 0
0 1 0 1
0.0117547904672511347 0.0210204384777349512 0.0244017440770100506
0.0210204384777349478 0.0375896818430970295 0.0436362827180341306
0.0244017440770100506 0.0436362827180341306 0.0506555276896518206
0 3 0 3
0
1 2 1 2
0.0234495856848021024 -0.0423683313300315667
-0.0423683313300315667 0.0765504143151978927
2 1 2 1
0.100000000000000006
sHpot
6
-2 1 -2 1
0
-1 2 -1 2
0 0
0 0
0 1 0 1
0.0117547904672511347 0.0210204384777349512 0.0244017440770100506
0.0210204384777349478 0.0375896818430970295 0.0436362827180341306
0.0244017440770100506 0.0436362827180341306 0.0506555276896518206
0 3 0 3
0
1 2 1 2
0.0234495856848021024 -0.0423683313300315667
-0.0423683313300315667 0.0765504143151978927
2 1 2 1
0.100000000000000006
sn_d
6
-2 1 -2 1
0
-1 2 -1 2
0.499999999999999889 0.499999999999999889
0.499999999999999889 0.499999999999999889
0 1 0 1
0.776442122192890549 0.638038175456265511 0.0397850359174530266
0.638038175456265511 0.83928394978918297 0.69252243641475697
0.0397850359174530266 0.69252243641475697 1.38427392801792615
0 3 0 3
1
1 2 1 2
1.23449585684802088 -0.423683313300315667
-0.423683313300315667 1.7655041431519789
2 1 2 1
2
sn_d_ud
6
-2 1 -2 1
0
-1 2 -1 2
0 0
0 0
0 1 0 1
0.117547904672511347 0.210204384777349484 0.244017440770100513
0.210204384777349484 0.375896818430970281 0.436362827180341306
0.244017440770100513 0.436362827180341306 0.506555276896518247
0 3 0 3
0
1 2 1 2
0.234495856848021017 -0.423683313300315667
-0.423683313300315667 0.7655041431519789
2 1 2 1
1
dA_d
6
2 1 1 2
-1.23733919613982901 -0.68482969685611772
1 2 0 3
0.593079914743393943
-1.0715671769553079
1 2 0 1
-0.76293292819630909 0.539638652607217217 -0.0973424021794296324
0.172372520946234176 0.537724975910246483 -0.54624856313676029
0 3 -1 2
0.707106781186547462 -0.707106781186547462
0 1 -1 2
0.863115183155028109 -0.177409985063278652
0.822257675651281494 0.403950819558191898
0.28093503775751022 1.14251889812734064
-1 2 -2 1
0.707106781186547462
0.707106781186547462
dself_d
6
2 1 1 2
-0.123733919613982904 -0.0684829696856117803
1 2 0 3
0.0593079914743393985
-0.107156717695530798
1 2 0 1
-0.0251935971511391792 -0.010128207120654471 0.0208610011108609321
0.0455193829794017651 0.0182994804614047962 -0.0376913186792012869
0 3 -1 2
0 0
0 1 -1 2
0.0342852599045874729 0.0342852599045874729
0.0613104247604736724 0.0613104247604736724
0.0711726967942425404 0.0711726967942425404
-1 2 -2 1
0
0
sSigmaHd
6
-2 1 -2 1
0
-1 2 -1 2
0.0249999999999999979 0.0249999999999999979
0.0249999999999999979 0.0249999999999999979
0 1 0 1
0.0388221061096445247 0.0319019087728132783 0.00198925179587265341
0.0319019087728132783 0.0419641974894591485 0.0346261218207378485
0.00198925179587265341 0.0346261218207378485 0.0692136964008963074
0 3 0 3
0.0500000000000000028
1 2 1 2
0.0617247928424010522 -0.0211841656650157834
-0.0211841656650157834 0.0882752071575989422
2 1 2 1
0.100000000000000006
z
24
0.4722328021109161
0.2557283998390164
0.1332084596214436
0.06736434899992406
0.03378021280456334
0.01690245706597741
0.008452775369247297
0.004226581134517363
0.002113314747257192
0.001056660397508027
0.0005283305725631458
0.0002641653342955282
0.0001320826689708394
6.604133600102849e-05
3.302066401129337e-05
1.651033279471816e-05
8.255162317321432e-06
4.127581936379151e-06
2.063786886734184e-06
1.03189422090461e-06
5.159430289796119e-07
2.579722920103672e-07
1.289820645516547e-07
6.449180973960639e-08
3.224182349431066e-08
24
0
0
0
0
0
0
0
0
0
0
0
0
0
0
0
0
0
0
0
0
0
0
0
0
0
