# Input file for NRG Ljubljana
# symtype  QS
# Using sneg version  2.0.13
#!9
# Number of channels, chain sites, subspaces: 
1 24 6
# SCALE  1
# Energies (GS energy subtracted, multiplied by 1/SCALE):
-2 1
1
0.1674287032907118
-1 2
2
0.07124251158500476 0.2336148949964188
0 1
3
0. 0.18665658600834947 0.3256295238637861
0 3
1
0.1374287032907118
1 2
2
0.08530122356315505 0.25955618301826855
2 1
1
0.2074287032907118
# Irreducible matrix elements for Wilson chains:
f 0 0
6
2 1 1 2
-0.7734919321425255 -1.1839384405071165
1 2 0 3
-1.025320765996094
0.6698636628577361
1 2 0 1
-0.6723728200086375 0.4421216415469285 0.04489640589040267
-0.0519015522501336 0.5163076373541866 -0.7623386453613448
0 3 -1 2
0.7696624205106624 0.6384510619097352
0 1 -1 2
-1.0417641501056472 0.07189920117759757
-0.5619809639499403 0.8718297721052372
0.08077505906047483 0.9094633554395057
-1 2 -2 1
-0.6384510619097352
0.7696624205106624
# GS energy in absolute units:
e
-0.1674287032907118
# Irreducible matrix elements for other operators:
sHimp
6
-2 1 -2 1
0.
-1 2 -1 2
-0.01777140724638995 -0.014741753690611486
-0.014741753690611484 -0.012228592753610056
0 1 0 1
-0.010378277525694053 -0.008272900468062868 0.024670543473002782
-0.008272900468062866 0.01771195034755061 -0.018938263846629128
0.024670543473002782 -0.018938263846629128 0.0026663271781434596
0 3 0 3
-0.03
1 2 1 2
-0.009059858081864795 0.03205183911599803
0.03205183911599802 0.0190598580818648
2 1 2 1
0.04000000000000001
sHpot
6
-2 1 -2 1
0.
-1 2 -1 2
0. 0.
0. 0.
0 1 0 1
0.016908461287046414 -0.02771696503192513 0.02523330963286691
-0.02771696503192513 0.04543465768641539 -0.04136335937733823
0.025233309632866907 -0.041363359377338225 0.03765688102653821
0 3 0 3
0.
1 2 1 2
0.02991448845447886 0.04578834159428289
0.0457883415942829 0.07008551154552115
2 1 2 1
0.1
sn_d
6
-2 1 -2 1
0.
-1 2 -1 2
0.5923802415463316 0.49139178968704955
0.49139178968704955 0.40761975845366855
0 1 0 1
0.9095579604246823 -0.6481354854620754 0.018758871995470883
-0.6481354854620754 0.924090244628826 -0.74750318435697
0.018758871995470883 -0.74750318435697 1.1663517949464919
0 3 0 3
1.
1 2 1 2
1.2991448845447886 0.4578834159428289
0.4578834159428289 1.7008551154552112
2 1 2 1
2.
sn_d_ud
6
-2 1 -2 1
0.
-1 2 -1 2
0. 0.
0. 0.
0 1 0 1
0.1690846128704641 -0.2771696503192513 0.25233309632866907
-0.2771696503192513 0.4543465768641539 -0.41363359377338227
0.25233309632866907 -0.41363359377338227 0.37656881026538214
0 3 0 3
0.
1 2 1 2
0.2991448845447886 0.4578834159428289
0.4578834159428289 0.7008551154552113
2 1 2 1
1.
dA_d
6
2 1 1 2
-1.1839384405071165 0.7734919321425255
1 2 0 3
0.6698636628577361
1.025320765996094
1 2 0 1
-0.7188286007142888 -0.5616276016014412 -0.13523105280280773
-0.1688385695947352 0.47173012921054736 0.6312976040542193
0 3 -1 2
0.6384510619097352 -0.7696624205106624
0 1 -1 2
0.9301833645967923 -0.21051572067680213
-0.8129059764304248 -0.5131024440718674
0.25753256737240154 1.0488225644450409
-1 2 -2 1
0.7696624205106624
0.6384510619097352
dself_d
6
2 1 1 2
-0.11839384405071166 0.07734919321425256
1 2 0 3
0.06698636628577362
0.10253207659960939
1 2 0 1
-0.029234227975710632 0.004798937892784785 0.024860702574330335
-0.044747107035907334 0.007345450946251385 0.03805280987771236
0 3 -1 2
0. 0.
0 1 -1 2
0.04475765494615944 0.0371274101053361
-0.07336837669575859 -0.06086060169200065
0.06679400014729195 0.055407018956366974
-1 2 -2 1
0.
0.
sSigmaHd
6
-2 1 -2 1
0.
-1 2 -1 2
0.029619012077316584 0.024569589484352478
0.02456958948435248 0.02038098792268343
0 1 0 1
0.045477898021234114 -0.032406774273103775 0.0009379435997735469
-0.032406774273103775 0.04620451223144131 -0.03737515921784851
0.0009379435997735434 -0.0373751592178485 0.058317589747324594
0 3 0 3
0.05
1 2 1 2
0.06495724422723943 0.02289417079714144
0.022894170797141452 0.08504275577276058
2 1 2 1
0.1
# Discretization tables (legacy form):
z
24
0.47223280211091606
0.25572839983901646
0.1332084596214436
0.06736434899992408
0.03378021280456334
0.01690245706597741
0.008452775369247299
0.0042265811345173635
0.0021133147472571917
0.0010566603975080272
0.0005283305725631459
0.0002641653342955282
0.0001320826689708394
0.00006604133600102849
0.00003302066401129337
0.000016510332794718157
8.255162317321432e-6
4.127581936379152e-6
2.0637868867341837e-6
1.0318942209046098e-6
5.159430289796127e-7
2.579722920103651e-7
1.28982064551665e-7
6.44918097395718e-8
3.22418234944753e-8
24
0.
0.
0.
0.
0.
0.
0.
0.
0.
0.
0.
0.
0.
0.
0.
0.
0.
0.
0.
0.
0.
0.
0.
0.
0.
