-3 -6.46365697692e-11
-2.72727272727 -3.00008435757e-10
-2.47933884298 -1.29903228663e-09
-2.2539444027 -5.18459653748e-09
-2.0490403661 -1.84978209424e-08
-1.86276396918 -5.72738308181e-08
-1.69342179016 -1.51203264447e-07
-1.53947435469 -3.39272313155e-07
-1.39952214063 -6.52634274585e-07
-1.27229285512 -1.0744152988e-06
-1.15662986829 -1.32368435493e-06
-1.05148169844 1.75812397178e-07
-0.955892453131 9.33946886341e-06
-0.86899313921 4.14947180526e-05
-0.789993762918 0.000123126853003
-0.718176148107 0.000278869269352
-0.65288740737 0.000500127493329
-0.5935340067 0.000720357782493
-0.539576369728 0.000838164124118
-0.49052397248 0.000787936619628
-0.445930884072 0.000592495468514
-0.405391712793 0.000340147990152
-0.368537920721 0.000112960799381
-0.335034473383 -6.2053061867e-05
-0.304576793984 -0.00021249300591
-0.276887994531 -0.000395789105616
-0.251716358665 -0.00066350459392
-0.228833053332 -0.00099423959077
-0.208030048483 -0.00119660622945
-0.189118225894 -0.000883668973546
-0.171925659904 0.000311207539226
-0.156296054458 0.00228875797236
-0.142087322234 0.00422433905133
-0.12917029294 0.00496463067591
-0.117427539037 0.00386599574867
-0.106752308215 0.00121387678475
-0.0970475529228 -0.00224308766005
-0.0882250481117 -0.00615968288458
-0.0802045891924 -0.011051491565
-0.0729132629022 -0.0178588628094
-0.0662847844565 -0.0265323596574
-0.0602588949605 -0.0342337588553
-0.0547808136004 -0.0348957361017
-0.0498007396368 -0.0221252390299
-0.0452733996698 0.00508952274728
-0.0411576360634 0.0385157381498
-0.037416032785 0.0639340182097
-0.034014575259 0.0707800194147
-0.0309223411446 0.0600151555788
-0.0281112192224 0.0427176553021
-0.0255556538385 0.031088680835
-0.0232324125805 0.0304574044559
-0.0211203750731 0.0381817811672
-0.0192003409756 0.0483894102087
-0.0174548554323 0.058094461216
-0.015868050393 0.0708572321137
-0.0144255003573 0.0955592734718
-0.0131140912339 0.139450821646
-0.0119219011217 0.198423137119
-0.0108380919289 0.252842030747
-0.00985281084442 0.276979315686
-0.00895710076765 0.258049340203
-0.00814281887968 0.207507358363
-0.0074025626179 0.152302327539
-0.0067296023799 0.114934361436
-0.00611782034537 0.101658393797
-0.00556165485943 0.106218487638
-0.0050560498722 0.121129649387
-0.00459640897473 0.146887369425
-0.00417855361339 0.194854904695
-0.00379868510308 0.280702503643
-0.00345335009371 0.40698515597
-0.0031394091761 0.545168914187
-0.00285400834191 0.638943939685
-0.0025945530381 0.637947245114
-0.00235868458009 0.536796002388
-0.00214425870917 0.381009100806
-0.00194932609925 0.233791991303
-0.00177211463568 0.1374319832
-0.00161101330516 0.101572218561
-0.00146455755015 0.118378334211
-0.00133141595468 0.184567554114
-0.00121037814062 0.313333450876
-0.0011003437642 0.5262832808
-0.00100031251291 0.822150042124
-0.000909375011735 1.14021074911
-0.000826704556123 1.36206629942
-0.000751549596476 1.37746277631
-0.000683226905887 1.16855960663
-0.000621115368988 0.828032553377
-0.000564650335444 0.489963620898
-0.000513318486767 0.244776040637
-0.000466653169788 0.112392729882
-0.000424230154353 0.0751508013554
-0.000385663776684 0.124638150391
-0.000350603433349 0.285551937422
-0.000318730393954 0.600650916333
-0.000289754903595 1.07536652628
-0.000263413548722 1.61397915609
-0.000239466862475 2.01962879976
-0.000217697147704 2.10136724552
-0.000197906497913 1.81553839782
-0.000179914998103 1.30201129712
-0.000163559089184 0.775526713434
-0.000148690081077 0.384755688187
-0.000135172800979 0.16169264075
-0.000122884364526 0.0666404825666
-0.00011171305866 0.0562544203579
-0.000101557326055 0.123970834625
-9.23248418679e-05 0.340888645566
-8.39316744254e-05 0.701591612591
-7.63015222049e-05 0.979908475014
-6.93650201863e-05 1.04234302039
-6.30591092603e-05 0.968910673282
-5.73264629639e-05 0.896811313348
-5.21149663308e-05 0.871179508861
-4.73772421189e-05 0.872364884689
-4.30702201081e-05 0.88033686035
-3.91547455528e-05 0.888423478827
-3.55952232298e-05 0.895588514194
-3.23592938453e-05 0.901843590876
-2.94175398594e-05 0.907281196148
-2.6743218054e-05 0.911990372814
-2.43120164127e-05 0.916056690199
-2.21018331024e-05 0.919560751881
-2.00925755477e-05 0.922576453625
-1.82659777706e-05 0.92517014975
-1.66054343369e-05 0.927400542372
-1.50958493972e-05 0.929319005835
-1.3723499452e-05 0.930970144427
-1.24759085927e-05 0.932392455058
-1.13417350843e-05 0.933619016226
-1.03106682585e-05 0.934678156969
1.03106682585e-05 0.943619755358
1.13417350843e-05 0.943415217103
1.24759085927e-05 0.94311560612
1.3723499452e-05 0.942695476812
1.50958493972e-05 0.942123475955
1.66054343369e-05 0.941361075831
1.82659777706e-05 0.940361066461
2.00925755477e-05 0.939065777291
2.21018331024e-05 0.937405005822
2.43120164127e-05 0.935293647055
2.6743218054e-05 0.93262904832
2.94175398594e-05 0.929288143973
3.23592938453e-05 0.925124216719
3.55952232298e-05 0.919960945803
3.91547455528e-05 0.913570391209
4.30702201081e-05 0.905614927908
4.73772421189e-05 0.895882232743
5.21149663308e-05 0.887487895388
5.73264629639e-05 0.89979648553
6.30591092603e-05 0.982404220924
6.93650201863e-05 1.16623374514
7.63015222049e-05 1.33277823014
8.39316744254e-05 1.24127910165
9.23248418679e-05 0.848273940268
0.000101557326055 0.431338409696
0.00011171305866 0.187166661955
0.000122884364526 0.0783993684404
0.000135172800979 0.0584575626681
0.000148690081077 0.117378700938
0.000163559089184 0.286962043585
0.000179914998103 0.613201752679
0.000197906497913 1.09595332862
0.000217697147704 1.62868379194
0.000239466862475 2.01047864163
0.000263413548722 2.06214996797
0.000289754903595 1.75990706304
0.000318730393954 1.25316623236
0.000350603433349 0.748547713805
0.000385663776684 0.379912946829
0.000424230154353 0.17212731509
0.000466653169788 0.0902392465738
0.000513318486767 0.1018489825
0.000564650335444 0.204608353027
0.000621115368988 0.412109383428
0.000683226905887 0.712559566607
0.000751549596476 1.03310913284
0.000826704556123 1.25372188656
0.000909375011735 1.27895328654
0.00100031251291 1.10779504007
0.0011003437642 0.830164068863
0.00121037814062 0.55564878791
0.00133141595468 0.348234991946
0.00146455755015 0.216721766999
0.00161101330516 0.144431972679
0.00177211463568 0.118319164423
0.00194932609925 0.138405230409
0.00214425870917 0.209266906643
0.00235868458009 0.322282556368
0.0025945530381 0.443138502136
0.00285400834191 0.521290167988
0.0031394091761 0.521062740051
0.00345335009371 0.447639530465
0.00379868510308 0.341140041622
0.00417855361339 0.245163752218
0.00459640897473 0.181272622907
0.0050560498722 0.148036668722
0.00556165485943 0.13504180174
0.00611782034537 0.133846909567
0.0067296023799 0.140284614642
0.0074025626179 0.153067884643
0.00814281887968 0.171648781613
0.00895710076765 0.192331301172
0.00985281084442 0.205568450647
0.0108380919289 0.200429090092
0.0119219011217 0.174161966328
0.0131140912339 0.136170542505
0.0144255003573 0.101422517833
0.015868050393 0.0808793708312
0.0174548554323 0.0784344126196
0.0192003409756 0.0942956544054
0.0211203750731 0.127191605964
0.0232324125805 0.171065803664
0.0255556538385 0.211759818852
0.0281112192224 0.23225025546
0.0309223411446 0.22456827974
0.034014575259 0.195952030503
0.037416032785 0.163150170302
0.0411576360634 0.143692505006
0.0452733996698 0.153514980986
0.0498007396368 0.206601656597
0.0547808136004 0.306443871979
0.0602588949605 0.43168495725
0.0662847844565 0.53429329021
0.0729132629022 0.563852841766
0.0802045891924 0.503244807445
0.0882250481117 0.381923833552
0.0970475529228 0.253091536303
0.106752308215 0.157959285271
0.117427539037 0.107699203585
0.12917029294 0.0894629423891
0.142087322234 0.0828268055304
0.156296054458 0.0732409992828
0.171925659904 0.0569876087663
0.189118225894 0.0381208819372
0.208030048483 0.0220491219081
0.228833053332 0.0112997395444
0.251716358665 0.00535257645691
0.276887994531 0.00248908931144
0.304576793984 0.00123387003328
0.335034473383 0.000753226566959
0.368537920721 0.000696394283617
0.405391712793 0.000933673071458
0.445930884072 0.0013487697174
0.49052397248 0.00174418784304
0.539576369728 0.00189824301576
0.5935340067 0.00170993218958
0.65288740737 0.00127108954381
0.718176148107 0.000781337429572
0.789993762918 0.000399356139114
0.86899313921 0.000171473515021
0.955892453131 6.30973257909e-05
1.05148169844 2.07814957775e-05
1.15662986829 6.73302817583e-06
1.27229285512 2.47250105381e-06
1.39952214063 1.08462435221e-06
1.53947435469 5.05601138045e-07
1.69342179016 2.19028530659e-07
1.86276396918 8.26074572813e-08
2.0490403661 2.66758816559e-08
2.2539444027 7.44284504354e-09
2.47933884298 1.83905455609e-09
2.72727272727 4.14620094973e-10
3 8.67838032383e-11
