#               T           <Sz^2>              <Q>            <Q^2>              <E>            <E^2>                C                F                S 
 1.082021280666723 0.2525296474006498 -0.009016160098121588 0.9871656203546135 0.1439844193001715 0.02684763886897084 0.006116125867763233 -2.625540694832162 2.769525114132333 
 0.5410106403333613 0.3374500042873094 -0.01754698308430268 1.304402429174462 1.075494038560977 1.807479737893076 0.6507923109128757 -2.725505463080015 3.800999501640992 
 0.2705053201666807 0.3646369200052542 -0.03309939933126725 1.37036596082594 1.220516857320088 3.199296772086742 1.709635373084239 -2.9967598688958 4.217276726215887 
 0.1352526600833403 0.3677191046742381 -0.05875114677191257 1.304922674784353 1.440698384903585 3.895988128126114 1.820376291862314 -2.678229548792999 4.118927933696584 
 0.06762633004167017 0.3836335317210329 -0.0920338117131968 1.243395565577993 1.398965938707357 3.887204575295667 1.930098877632312 -2.713813343952786 4.112779282660143 
 0.03381316502083508 0.3926673420302156 -0.1152291439917997 1.120744981018367 1.474268829275411 4.173833532125303 2.000364951152212 -2.417666668951941 3.891935498227352 
 0.01690658251041754 0.4025600862742494 -0.1075903533788625 1.039560229576175 1.400775114291218 3.98064820221779 2.018477281400215 -2.370301333466385 3.771076447757603 
 0.008453291255208771 0.396217679665625 -0.08998475424755004 0.9680089957299245 1.335579496938179 3.672235938450782 1.888463345809143 -2.238553603541305 3.574133100479483 
 0.004226645627604385 0.3840518390169959 -0.08496604234045543 0.9545848634707513 1.398925595784304 3.829415010109612 1.872422187569141 -2.143097106821086 3.54202270260539 
 0.002113322813802193 0.3648888704176705 -0.08719633151563992 0.9326032352662746  1.2610045039223 3.417338748865899 1.827206389953573 -2.170188589000503 3.431193092922802 
 0.001056661406901096 0.3388907016581262 -0.09232950417889804 0.9351143144625407 1.468121151582524 4.067773924358731 1.912394208634733 -1.920349396161342 3.388470547743866 
 0.0005283307034505482 0.3132647334818794 -0.09619023114424527 0.9290763959233732 1.185866220447804 3.282831986277094 1.876553293477934 -2.083265681654021 3.269131902101825 
 0.0002641653517252741 0.2815386487548626 -0.09787559455573865 0.9258801050127184 1.45795849445228 4.105501075147187 1.979858103601629 -1.687932424917287 3.145890919369567 
 0.000132082675862637 0.2633236510665705 -0.101668582439663 0.9328533293994489 1.112652157620913 3.105561765713146 1.867566941854673 -1.936993547953828 3.049645705574741 
 6.604133793131852e-05 0.2436633596537996 -0.09835334041648895 0.9200198193589747 1.369970893311132 3.758294512938785 1.881474264419084 -1.54969351352751 2.919664406838642 
 3.302066896565926e-05 0.2403005327298715 -0.1034471772716692 0.9357011863953739 1.067841255256117 2.933378292298831 1.793093345871871 -1.85441993158921 2.922261186845327 
 1.651033448282963e-05 0.2311061662454382 -0.09783354344924032 0.9176750474387065 1.324767451367593 3.543325398578029 1.788316598375042 -1.505054211569993 2.829821662937586 
 8.255167241414815e-06 0.2337638738678334 -0.103919536886279 0.9366711291886278 1.053118744911056 2.875699930110239  1.7666408392272 -1.831422056827318 2.884540801738375 
 4.127583620707408e-06 0.2278876347597436 -0.09761912934959377 0.917009761993739 1.31214954075326 3.480102287022342 1.758365869723352 -1.493581008879988 2.805730549633247 
 2.063791810353704e-06 0.2321023869237261 -0.1040415808079076 0.9369321800538376 1.04941696294251 2.861810652760578 1.760534690649097 -1.825594504739329 2.875011467681839 
 1.031895905176852e-06 0.2270844307114557 -0.0975590817297947 0.9168390280018739 1.308955955985154 3.463898592186502 1.750532897477492 -1.490711912449403 2.799667868434557 
 5.159479525884259e-07 0.2316861972434166 -0.1040721248031563 0.9369999483631442 1.048496315266693 2.858416847998257 1.759072324870425 -1.824137420982918 2.872633736249611 
 2.57973976294213e-07 0.2268842246563167 -0.09754299763813837 0.9167974971960555 1.308156987390754 3.459831812384417 1.748557108725164 -1.489998626786258 2.798155614177012 
 1.289869881471065e-07 0.2315835428869059 -0.1040785348890182 0.9370225334672433 1.048269375889115 2.857573634801507 1.758704950374552 -1.823785443453035 2.87205481934215 
 6.449349407355324e-08 0.2268357544920709 -0.09753628829195345 0.9167928444846749 1.307960719052516 3.458830167544929 1.748068924960556 -1.489835326187452 2.797796045239967 
