#                   1                    2                    3                    4                    5                    6                    7                    8                    9 
#                   T                 Himp                 Hpot              SigmaHd                displ              displ^2                  n_d               n_d_ud                  nph 
      1.0820212806667     0.43370422653221     0.46342792286055    0.050354037782119   0.0040727195076998      2.5159131928409     0.99078987761157     0.24478653900892     0.96604423514556 
     0.54101064033336     0.22565611577046     0.25509500256908    0.051522924619954    0.012290566444611      2.0970698079749     0.98129622662064     0.24455625581705     0.59433179772033 
     0.27050532016668    0.043497798363137    0.072344719620669    0.054022015077041    0.029719064905772      1.6266497913029     0.96156404191774      0.2438386557876      0.2570815025085 
     0.13525266008334   -0.035087959768736  -0.0074717561186811    0.058683492846951    0.063282433817627      1.3857366325462      0.9205401216685     0.23757482806251     0.11062688657519 
     0.06762633004167   -0.050512128404115   -0.025496539539098    0.068222784533039     0.13265068212339      1.3682118479494     0.83385296216723     0.21992292007005      0.0927099086717 
    0.033813165020835   -0.057009046193011   -0.037281068613812    0.087558903407389     0.27339470387695       1.417283937182     0.65759925263997     0.17563006294501     0.10432765330364 
    0.016906582510418    -0.06588670439954   -0.054460696674146     0.11791612917191     0.49436391481462       1.485357511092      0.3808669241798     0.09270543013832     0.12138793985315 
   0.0084532912552088   -0.072143068031184   -0.066963825910135     0.14075805639453     0.66062993096394      1.5299180137379     0.17264140403495    0.023292767235446     0.13273599728742 
   0.0042266456276044     -0.0736328522427   -0.069915293477874     0.14610265263065     0.69953360677971      1.5413351919912      0.1239186254942   0.0074768002604633     0.13568243845468 
   0.0021133228138022   -0.073811923107327    -0.07024139451047      0.1466402007539      0.7034465987957      1.5431732216606     0.11901761989524   0.0063712398631817     0.13616028758742 
   0.0010566614069011    -0.07384689445876   -0.070302875022966     0.14673711259167     0.70415206766005      1.5435671816186     0.11813398119312   0.0062163782479339      0.1362628543276 
  0.00052833070345055   -0.073855225060385   -0.070317475616398     0.14676003432709     0.70431892626888      1.5436617111948     0.11792498146623   0.0061807677887279     0.13628746234652 
  0.00026416535172527   -0.073857329860422   -0.070321157677434     0.14676580034586     0.70436090020442      1.5436857413829     0.11787240609959   0.0061719424394321     0.13629372283259 
  0.00013208267586264   -0.073857822258155    -0.07032202120658     0.14676715714464     0.70437077696007      1.5436913119779      0.1178600350525   0.0061698273383122     0.13629517191594 
  6.6041337931319e-05   -0.073857965806388   -0.070322271702698      0.1467675481044     0.70437362299125      1.5436929649173     0.11785647012297    0.006169240539474     0.13629560309268 
  3.3020668965659e-05   -0.073857990233773   -0.070322314850029     0.14676761654787     0.70437412120816      1.5436932340916     0.11785584612479   0.0061691282477964     0.13629567281518 
   1.651033448283e-05   -0.073858002379374   -0.070322335916718     0.14676764915729     0.70437435859764      1.5436933769124      0.1178555487552   0.0061690816525184     0.13629571019105 
  8.2551672414148e-06   -0.073858002314426   -0.070322335899733     0.14676764933459     0.70437435988386      1.5436933739262     0.11785554715642     0.00616907961626     0.13629570932101 
  4.1275836207074e-06   -0.073858003868573    -0.07032233857192      0.1467676534209     0.70437438963237      1.5436933927474     0.11785550988843   0.0061690742153652     0.13629571426823 
  2.0637918103537e-06   -0.073858003466468   -0.070322337892207     0.14676765240652     0.70437438224707      1.5436933876068     0.11785551914205   0.0061690753341418     0.13629571290654 
  1.0318959051769e-06   -0.073858003762386   -0.070322338398136     0.14676765317402      0.7043743878347      1.5436933912571     0.11785551214166   0.0061690743743114     0.13629571386861 
  5.1594795258843e-07    -0.07385800363774   -0.070322338185987     0.14676765285425     0.70437438550665      1.5436933896973     0.11785551505845   0.0061690747557555     0.13629571345667 
  2.5797397629421e-07   -0.073858003705931   -0.070322338302337     0.14676765303025     0.70437438678797       1.543693390544     0.11785551345314   0.0061690745401959     0.13629571368002 
  1.2898698814711e-07   -0.073858003673263   -0.070322338246661     0.14676765294617     0.70437438617585      1.5436933901369     0.11785551422005   0.0061690746419165     0.13629571357256 
  6.4493494073553e-08   -0.073858003689949   -0.070322338275115     0.14676765298918     0.70437438648896      1.5436933903444     0.11785551382777   0.0061690745895514     0.13629571362732 
