#               T           <Sz^2>              <Q>            <Q^2>              <E>            <E^2>                C                F                S 
 1.082021280666723 0.2499666907561373 -0.009205966596680984 0.9974353365897707 0.5778292269021064 0.5827708551851538 0.2488842397228679 -3.440955332006331 4.018784558908438 
 0.5410106403333613 0.3298468154084162 -0.01867705497739756 1.334974821484481 1.595608217846912 3.771537134280228 1.225571549419629 -3.175803280806234 4.771411498653147 
 0.2705053201666807 0.3472325209870917 -0.0383083819358383 1.440810722574056 1.540616662126243 4.772288276647493 2.398788577026486 -3.179945529694798 4.720562191821042 
 0.1352526600833403 0.333741365979895 -0.07914346954944781 1.443331624674519 1.622545978634619 4.787557987366239 2.154902534582865 -2.626720624737792 4.249266603372412 
 0.06762633004167017 0.3218067359749877 -0.1652888847784472 1.497054191006064 1.461869265769936 4.096461378369926 1.959399628167195 -2.679067891480772 4.140937157250708 
 0.03381316502083508 0.289713897530854 -0.3410518853520811 1.542815124341269 1.790976453348477 5.359757966384606 2.152161309935917 -2.08631852790485 3.877294981253327 
 0.01690658251041754 0.2594934333188427 -0.6150004467742568 1.63655369266147 1.474361053767946 4.672968731026621 2.499228214158893 -2.059576459531741 3.533937513299687 
 0.008453291255208771 0.2351116743987968 -0.8254416774305288 1.678508149445903 1.453000976609256 4.319458723117893 2.20824688509044 -1.56422274537346 3.017223721982716 
 0.004226645627604385 0.2340559028990636 -0.8685544376624373 1.696673730537848 1.089485281113763 3.02316134941943 1.836183171655896 -1.826757443732616 2.916242724846378 
 0.002113322813802193 0.228180966424965 -0.8801515980434528 1.689198598617997 1.318414833397244 3.51420678579168 1.775989112869798 -1.502020018916901 2.820434852314145 
 0.001056661406901096 0.232078621322586 -0.8736615019992523 1.692525230606668 1.067398249751629 2.903733819325967 1.764394795753126 -1.81201037832385 2.879408628075479 
 0.0005283307034505482 0.2271926483052763 -0.8815175423184913 1.686253628598061 1.309569171341137 3.469810488501554 1.754839073974443 -1.4942802908445 2.803849462185636 
 0.0002641653517252741 0.2316360134887969 -0.8738008823218052 1.690301297796182 1.064205591643802 2.892318323244926 1.759784781958992 -1.808818765606911 2.873024357250713 
 0.000132082675862637 0.2269535754643824 -0.8816370848461966 1.685199897957838 1.307472358855488 3.459227540763083 1.749743571591949 -1.492398654140757 2.799871012996245 
 6.604133793131852e-05 0.2315256351564082 -0.8737907241751546 1.68967011275239 1.063429559470884 2.889671996805024 1.758789568848584 -1.808023933035374 2.871453492506259 
 3.302066896565926e-05 0.2268939932805353 -0.8816538773862418 1.684914917154815 1.306948613818078 3.456571660228707 1.748456981067712 -1.491929305573477 2.798877919391555 
 1.651033448282963e-05 0.2314980297218449 -0.8737854215848185 1.689507421740576 1.063236197622634 2.889018097710681 1.758546885775643 -1.807825192081244 2.871061389703879 
 8.255167241414815e-06 0.22687910441858 -0.8816572594301836 1.684842285584323 1.306817609578621 3.455906503253539 1.748134238548758 -1.491812001003654 2.798629610582275 
 4.127583620707408e-06 0.2314911272756773 -0.8737839234991432 1.689466439344446 1.06318788698402 2.888855027110853 1.758486544081308 -1.807775501440069 2.870963388424089 
 2.063791810353704e-06 0.2268753825427286 -0.8816580539353274 1.684824040363893 1.306784852742934 3.455740131114267 1.748053479755895 -1.491782676368244 2.798567529111178 
 1.031895905176852e-06 0.2314894015898512 -0.8737835382024028 1.689456174331742 1.063175811025574 2.888814283548715 1.758471478398827 -1.807763078390106 2.87093888941568 
 5.159479525884259e-07 0.2268744520937701 -0.8816582493736067 1.684819473589923 1.306776663149069 3.45569853276172 1.748033285410703 -1.491775345295312 2.798552008444381 
 2.57973976294213e-07 0.2314889701636524 -0.8737834412047887 1.689453606864256 1.06317279213975 2.88880409914539 1.758467713199158 -1.807759972602453 2.870932764742203 
 1.289869881471065e-07 0.2268742194827619 -0.8816582980339268 1.684818331554461 1.30677461572617 3.455688132839089 1.748028236532809 -1.491773512532318 2.798548128258489 
 6.449349407355324e-08 0.2314888623068034 -0.8737834169133053 1.689452964921486 1.063172037424744 2.888801553137246 1.758466771975365 -1.807759196153948 2.870931233578692 
