# Input file for NRG Ljubljana
# symtype  QS
# Using sneg version  2.0.13
#!9
# Number of channels, chain sites, subspaces: 
1 0 6
# SCALE  1
# Energies (GS energy subtracted, multiplied by 1/SCALE):
-2 1
4
DIAG  ham_-2.1
-1 2
8
DIAG  ham_-1.2
0 1
12
DIAG  ham_0.1
0 3
4
DIAG  ham_0.3
1 2
8
DIAG  ham_1.2
2 1
4
DIAG  ham_2.1
# Irreducible matrix elements for Wilson chains:
f 0 0
6
2 1 1 2
0. 1.4142135623730951 0. 0. 0. 0. 0. 0.
0. 0. 0. 1.4142135623730951 0. 0. 0. 0.
0. 0. 0. 0. 0. 1.4142135623730951 0. 0.
0. 0. 0. 0. 0. 0. 0. 1.4142135623730951
1 2 0 3
1.224744871391589 0. 0. 0.
0. 0. 0. 0.
0. 1.224744871391589 0. 0.
0. 0. 0. 0.
0. 0. 1.224744871391589 0.
0. 0. 0. 0.
0. 0. 0. 1.224744871391589
0. 0. 0. 0.
1 2 0 1
0. -0.7071067811865475 0. 0. 0. 0. 0. 0. 0. 0. 0. 0.
0. 0. 1. 0. 0. 0. 0. 0. 0. 0. 0. 0.
0. 0. 0. 0. -0.7071067811865475 0. 0. 0. 0. 0. 0. 0.
0. 0. 0. 0. 0. 1. 0. 0. 0. 0. 0. 0.
0. 0. 0. 0. 0. 0. 0. -0.7071067811865475 0. 0. 0. 0.
0. 0. 0. 0. 0. 0. 0. 0. 1. 0. 0. 0.
0. 0. 0. 0. 0. 0. 0. 0. 0. 0. -0.7071067811865475 0.
0. 0. 0. 0. 0. 0. 0. 0. 0. 0. 0. 1.
0 3 -1 2
0. 1. 0. 0. 0. 0. 0. 0.
0. 0. 0. 1. 0. 0. 0. 0.
0. 0. 0. 0. 0. 1. 0. 0.
0. 0. 0. 0. 0. 0. 0. 1.
0 1 -1 2
1.4142135623730951 0. 0. 0. 0. 0. 0. 0.
0. 1. 0. 0. 0. 0. 0. 0.
0. 0. 0. 0. 0. 0. 0. 0.
0. 0. 1.4142135623730951 0. 0. 0. 0. 0.
0. 0. 0. 1. 0. 0. 0. 0.
0. 0. 0. 0. 0. 0. 0. 0.
0. 0. 0. 0. 1.4142135623730951 0. 0. 0.
0. 0. 0. 0. 0. 1. 0. 0.
0. 0. 0. 0. 0. 0. 0. 0.
0. 0. 0. 0. 0. 0. 1.4142135623730951 0.
0. 0. 0. 0. 0. 0. 0. 1.
0. 0. 0. 0. 0. 0. 0. 0.
-1 2 -2 1
1. 0. 0. 0.
0. 0. 0. 0.
0. 1. 0. 0.
0. 0. 0. 0.
0. 0. 1. 0.
0. 0. 0. 0.
0. 0. 0. 1.
0. 0. 0. 0.
# GS energy in absolute units:
e
1
# Irreducible matrix elements for other operators:
sHimp
6
-2 1 -2 1
op.Himp_-2.1_-2.1
-1 2 -1 2
op.Himp_-1.2_-1.2
0 1 0 1
op.Himp_0.1_0.1
0 3 0 3
op.Himp_0.3_0.3
1 2 1 2
op.Himp_1.2_1.2
2 1 2 1
op.Himp_2.1_2.1
sHpot
6
-2 1 -2 1
op.Hpot_-2.1_-2.1
-1 2 -1 2
op.Hpot_-1.2_-1.2
0 1 0 1
op.Hpot_0.1_0.1
0 3 0 3
op.Hpot_0.3_0.3
1 2 1 2
op.Hpot_1.2_1.2
2 1 2 1
op.Hpot_2.1_2.1
sn_d
6
-2 1 -2 1
op.n_d_-2.1_-2.1
-1 2 -1 2
op.n_d_-1.2_-1.2
0 1 0 1
op.n_d_0.1_0.1
0 3 0 3
op.n_d_0.3_0.3
1 2 1 2
op.n_d_1.2_1.2
2 1 2 1
op.n_d_2.1_2.1
sn_d_ud
6
-2 1 -2 1
op.n_d_ud_-2.1_-2.1
-1 2 -1 2
op.n_d_ud_-1.2_-1.2
0 1 0 1
op.n_d_ud_0.1_0.1
0 3 0 3
op.n_d_ud_0.3_0.3
1 2 1 2
op.n_d_ud_1.2_1.2
2 1 2 1
op.n_d_ud_2.1_2.1
dA_d
6
2 1 1 2
op.A_d_2.1_1.2
1 2 0 3
op.A_d_1.2_0.3
1 2 0 1
op.A_d_1.2_0.1
0 3 -1 2
op.A_d_0.3_-1.2
0 1 -1 2
op.A_d_0.1_-1.2
-1 2 -2 1
op.A_d_-1.2_-2.1
dself_d
6
2 1 1 2
op.self_d_2.1_1.2
1 2 0 3
op.self_d_1.2_0.3
1 2 0 1
op.self_d_1.2_0.1
0 3 -1 2
op.self_d_0.3_-1.2
0 1 -1 2
op.self_d_0.1_-1.2
-1 2 -2 1
op.self_d_-1.2_-2.1
snph
6
-2 1 -2 1
op.nph_-2.1_-2.1
-1 2 -1 2
op.nph_-1.2_-1.2
0 1 0 1
op.nph_0.1_0.1
0 3 0 3
op.nph_0.3_0.3
1 2 1 2
op.nph_1.2_1.2
2 1 2 1
op.nph_2.1_2.1
sdispl
6
-2 1 -2 1
op.displ_-2.1_-2.1
-1 2 -1 2
op.displ_-1.2_-1.2
0 1 0 1
op.displ_0.1_0.1
0 3 0 3
op.displ_0.3_0.3
1 2 1 2
op.displ_1.2_1.2
2 1 2 1
op.displ_2.1_2.1
sdispl^2
6
-2 1 -2 1
op.displ^2_-2.1_-2.1
-1 2 -1 2
op.displ^2_-1.2_-1.2
0 1 0 1
op.displ^2_0.1_0.1
0 3 0 3
op.displ^2_0.3_0.3
1 2 1 2
op.displ^2_1.2_1.2
2 1 2 1
op.displ^2_2.1_2.1
sSigmaHd
6
-2 1 -2 1
op.SigmaHd_-2.1_-2.1
-1 2 -1 2
op.SigmaHd_-1.2_-1.2
0 1 0 1
op.SigmaHd_0.1_0.1
0 3 0 3
op.SigmaHd_0.3_0.3
1 2 1 2
op.SigmaHd_1.2_1.2
2 1 2 1
op.SigmaHd_2.1_2.1
